Chromosome	A	C	G	T
chr1	163	81	175	181
chr1	149	106	160	185
chr1	140	90	180	190
chr1	186	101	140	173
chr1	125	204	118	153
chr1	155	91	174	180
chr1	145	217	139	99
chr1	175	167	106	152
chr1	189	179	100	132
chr1	170	177	96	157
chr1	137	197	93	173
chr10	199	99	123	179
chr10	168	139	136	157
chr10	129	159	149	163
chr10	166	171	141	122
chr10	130	91	230	149
chr10	192	99	153	156
chr10	184	124	138	154
chr10	187	166	99	148
chr10	168	163	98	171
chr10	169	147	119	165
chr10	180	133	144	143
chr10	122	127	154	197
chr10	167	123	138	172
chr10	213	112	127	148
chr10	187	111	132	170
chr11	124	131	208	137
chr11	136	130	171	163
chr11	154	159	157	130
chr11	162	161	133	144
chr11	162	172	139	127
chr11	151	115	146	188
chr11	203	108	111	178
chr11	206	98	93	203
chr11	172	137	147	144
chr11	192	140	117	151
chr11	142	183	118	157
chr11	162	125	141	172
chr12	114	143	156	187
chr12	178	181	85	156
chr12	108	111	182	199
chr12	165	134	133	168
chr12	171	138	137	154
chr12	183	105	140	172
chr12	175	110	124	191
chr12	166	169	112	153
chr12	164	143	138	155
chr12	132	114	156	198
chr12	152	108	170	170
chr12	167	120	176	137
chr12	132	154	199	115
chr12	165	125	103	207
chr12	154	177	123	146
chr12	179	121	136	164
chr12	143	178	106	173
chr12	144	139	115	202
chr12	100	167	145	188
chr12	179	126	134	161
chr12	184	100	102	214
chr12	131	81	228	160
chr12	131	154	143	172
chr12	174	128	142	156
chr12	169	115	177	139
chr12	164	166	136	134
chr12	222	108	101	169
chr12	185	186	117	112
chr12	149	129	159	163
chr12	195	124	139	142
chr13	143	143	117	197
chr13	163	155	129	153
chr13	179	164	136	121
chr13	146	123	122	209
chr13	182	151	99	168
chr13	131	126	208	135
chr13	163	162	146	129
chr13	147	161	167	125
chr13	167	117	130	186
chr13	172	128	140	160
chr13	181	101	128	190
chr13	144	92	195	169
chr13	167	135	118	180
chr13	151	168	134	147
chr13	135	146	126	193
chr13	176	118	127	179
chr13	156	142	145	157
chr13	165	146	131	158
chr13	169	131	147	153
chr13	201	87	115	197
chr14	119	151	145	185
chr14	169	152	131	148
chr14	210	179	105	106
chr14	175	205	115	105
chr14	134	104	164	198
chr14	137	139	141	183
chr14	167	106	161	166
chr14	197	117	118	168
chr14	185	83	167	165
chr14	136	183	130	151
chr14	189	190	99	122
chr14	159	119	116	206
chr14	178	150	133	139
chr14	173	129	117	181
chr14	190	143	83	184
chr14	199	115	128	158
chr15	159	112	132	197
chr15	95	151	197	157
chr15	188	66	207	139
chr15	185	172	114	129
chr15	101	185	110	204
chr15	160	129	129	182
chr15	208	96	144	152
chr15	173	131	87	209
chr15	158	166	169	107
chr15	166	115	113	206
chr15	180	131	137	152
chr15	163	230	101	106
chr15	185	125	113	177
chr15	174	132	118	176
chr15	190	123	145	142
chr15	141	152	150	157
chr15	174	99	124	203
chr15	166	127	161	146
chr15	173	171	152	104
chr15	165	117	106	212
chr15	154	127	130	189
chr15	148	140	136	176
chr15	157	63	205	175
chr15	150	130	160	160
chr15	196	99	154	151
chr16	124	149	141	186
chr16	209	123	146	122
chr16	129	82	199	190
chr16	211	125	120	144
chr16	165	138	156	141
chr16	182	147	154	117
chr16	181	111	166	142
chr16	147	135	131	187
chr16	160	141	133	166
chr16	159	165	106	170
chr16	182	164	92	162
chr16	154	140	134	172
chr16	148	134	155	163
chr16	184	153	98	165
chr16	147	131	146	176
chr16	173	150	127	150
chr16	191	193	104	112
chr2	160	127	119	194
chr2	165	122	149	164
chr2	178	173	102	147
chr2	200	150	128	122
chr2	151	154	162	133
chr2	132	147	168	153
chr2	176	145	108	171
chr2	171	187	129	113
chr2	76	86	193	245
chr2	204	131	127	138
chr2	182	120	70	228
chr2	216	115	113	156
chr2	136	138	134	192
chr2	149	137	140	174
chr2	189	120	127	164
chr2	183	129	129	159
chr3	206	133	124	137
chr3	200	119	126	155
chr3	162	136	132	170
chr3	183	146	117	154
chr3	160	139	117	184
chr3	150	117	127	206
chr3	145	130	122	203
chr3	141	152	158	149
chr3	187	130	128	155
chr3	158	139	149	154
chr3	184	135	94	187
chr4	141	155	122	182
chr4	146	123	127	204
chr4	157	64	236	143
chr4	221	91	128	160
chr4	138	158	110	194
chr4	177	89	169	165
chr4	187	105	137	171
chr4	156	126	93	225
chr4	185	127	118	170
chr4	162	147	173	118
chr4	208	114	102	176
chr4	211	133	128	128
chr4	213	131	129	127
chr4	159	128	126	187
chr4	118	124	187	171
chr4	164	120	124	192
chr4	203	104	166	127
chr4	172	116	110	202
chr4	175	121	114	190
chr4	139	138	137	186
chr4	166	126	148	160
chr4	120	203	89	188
chr4	126	216	82	176
chr4	181	135	119	165
chr4	203	121	119	157
chr4	156	177	121	146
chr4	171	138	110	181
chr4	148	131	148	173
chr4	174	123	107	196
chr4	164	132	166	138
chr4	175	118	140	167
chr4	166	123	137	174
chr4	152	131	157	160
chr4	194	143	129	134
chr5	167	114	130	189
chr5	148	144	147	161
chr5	170	126	158	146
chr5	139	118	151	192
chr5	187	178	92	143
chr5	133	158	165	144
chr5	158	120	154	168
chr5	148	147	121	184
chr5	179	148	96	177
chr5	156	124	120	200
chr5	172	148	126	154
chr5	188	140	132	140
chr5	127	182	157	134
chr5	125	122	164	189
chr5	153	107	168	172
chr5	154	145	114	187
chr6	153	101	141	205
chr6	212	114	156	118
chr6	145	119	150	186
chr6	145	165	112	178
chr6	193	133	128	146
chr6	111	168	173	148
chr6	166	118	151	165
chr7	195	96	112	197
chr7	191	124	100	185
chr7	183	129	170	118
chr7	121	180	170	129
chr7	184	107	98	211
chr7	163	118	111	208
chr7	188	144	109	159
chr7	134	153	158	155
chr7	190	120	103	187
chr7	151	150	121	178
chr7	132	127	147	194
chr7	188	135	139	138
chr7	127	155	171	147
chr7	201	146	100	153
chr7	192	173	104	131
chr7	166	110	133	191
chr7	136	142	157	165
chr7	140	112	163	185
chr7	178	149	112	161
chr7	174	100	153	173
chr7	189	128	153	130
chr8	147	173	101	179
chr8	148	168	110	174
chr8	158	159	129	154
chr8	164	130	122	184
chr8	129	137	139	195
chr8	185	105	105	205
chr8	141	146	150	163
chr8	167	167	132	134
chr8	201	98	126	175
chr8	175	119	161	145
chr8	143	156	122	179
chr8	156	147	111	186
chr8	176	172	105	147
chr8	195	102	153	150
chr9	149	143	109	199
chr9	144	163	134	159
chr9	163	140	135	162
chr9	181	79	184	156
chr9	173	114	158	155
chr9	186	111	121	182
chr9	185	99	132	184
chr9	150	135	159	156
chr9	155	73	224	148
chr9	149	76	225	150
