Chromosome	AA	AC	AG	AT	CA	CC	CG	CT	GA	GC	GG	GT	TA	TC	TG	TT
chr1	49	34	49	31	27	11	10	33	49	18	40	67	38	18	76	49
chr1	39	33	44	32	41	18	20	27	31	25	33	71	38	30	63	54
chr1	35	23	48	34	36	15	17	22	29	17	44	89	40	35	70	45
chr1	62	33	43	47	38	17	18	28	32	28	38	42	53	23	41	56
chr1	17	46	20	42	67	62	31	43	15	43	25	35	26	53	42	32
chr1	37	25	43	50	30	17	11	32	54	21	49	50	34	28	71	47
chr1	32	64	28	21	62	59	57	39	31	58	25	24	19	36	29	15
chr1	45	77	19	33	56	40	21	50	33	16	24	33	41	33	42	36
chr1	52	89	19	29	68	46	20	45	40	8	22	29	29	36	39	28
chr1	49	71	18	32	66	42	16	52	33	10	20	33	22	54	42	39
chr1	30	57	19	31	57	42	24	73	14	34	16	29	36	64	34	39
chr10	62	35	38	64	39	16	15	29	54	14	23	31	44	34	46	55
chr10	41	42	41	44	48	28	24	39	36	38	33	28	43	31	38	45
chr10	23	45	28	33	43	40	40	36	32	43	34	40	31	31	47	53
chr10	47	46	43	30	47	48	35	40	45	33	34	29	27	43	29	23
chr10	23	27	59	20	28	9	14	40	51	39	82	58	27	16	75	31
chr10	56	30	58	48	31	24	18	26	57	20	41	35	48	25	36	46
chr10	70	25	45	43	39	30	24	31	39	30	32	37	35	39	37	43
chr10	52	59	36	40	62	51	21	31	26	24	13	36	47	32	29	40
chr10	38	45	28	57	51	41	31	40	31	34	12	21	47	43	27	53
chr10	50	37	34	48	36	40	27	43	27	37	23	32	55	33	35	42
chr10	63	37	44	36	41	23	30	39	42	37	29	35	34	36	40	33
chr10	16	32	40	34	34	22	35	36	28	26	28	71	44	47	51	55
chr10	50	35	35	47	38	19	37	29	41	33	29	35	37	36	37	61
chr10	76	41	42	54	45	21	22	24	49	24	27	27	42	26	36	43
chr10	69	34	33	50	45	24	20	22	39	23	30	40	34	29	49	58
chr11	30	26	37	30	26	29	47	29	42	47	75	44	25	29	49	34
chr11	26	29	40	41	26	27	38	38	60	34	43	34	24	40	49	50
chr11	40	38	36	39	45	40	38	36	37	43	44	33	31	38	39	22
chr11	54	39	31	38	50	42	33	36	26	49	35	23	32	30	34	47
chr11	52	36	31	42	47	46	40	39	25	57	40	17	38	32	28	29
chr11	39	25	40	47	33	27	25	30	38	28	37	42	41	34	44	69
chr11	69	37	31	66	41	18	23	25	32	23	22	34	61	30	34	53
chr11	64	34	29	79	35	16	15	31	39	14	13	27	67	34	36	66
chr11	66	34	41	31	37	41	29	30	41	37	36	33	28	25	41	49
chr11	67	50	31	44	42	30	33	34	48	27	21	21	34	33	32	52
chr11	20	52	48	22	54	38	25	66	29	28	3	57	39	65	42	11
chr11	43	39	29	51	45	20	19	41	36	33	38	34	38	32	55	46
chr12	13	34	43	24	43	28	20	52	20	41	32	63	38	40	60	48
chr12	49	65	22	41	54	53	26	48	24	27	13	21	51	36	24	45
chr12	8	26	53	21	32	14	17	47	19	40	43	80	48	31	69	51
chr12	64	33	28	40	34	34	26	40	37	26	40	29	30	41	38	59
chr12	67	29	37	38	31	40	32	34	33	37	38	29	40	32	30	52
chr12	65	27	37	54	41	17	20	27	36	27	36	40	40	34	47	51
chr12	55	29	35	56	42	25	18	25	30	29	29	36	47	27	42	74
chr12	58	35	28	45	47	46	37	39	29	34	21	28	32	53	26	41
chr12	50	36	40	38	42	34	28	39	37	35	27	39	35	37	43	39
chr12	37	26	29	39	27	24	22	41	32	46	35	43	36	17	70	75
chr12	48	27	48	29	22	24	29	32	41	30	45	54	40	27	48	55
chr12	50	33	49	34	44	18	27	31	43	43	51	39	30	26	49	32
chr12	22	35	51	24	33	31	60	30	51	67	45	35	26	20	43	26
chr12	54	24	38	49	35	34	20	35	28	24	12	39	48	43	32	84
chr12	45	39	33	36	47	47	40	43	23	47	20	33	39	44	29	34
chr12	51	43	28	57	42	18	29	31	43	21	44	28	43	39	35	47
chr12	40	40	30	33	45	49	32	52	24	36	21	24	34	53	23	63
chr12	45	35	25	39	38	35	20	45	27	29	18	41	34	40	52	76
chr12	22	33	24	21	35	32	52	48	23	54	30	38	20	48	38	81
chr12	60	37	36	46	37	30	29	30	31	40	27	35	51	19	41	50
chr12	56	21	29	77	34	16	15	35	31	18	25	28	63	45	33	73
chr12	34	17	51	29	22	13	20	26	53	37	82	55	22	14	74	50
chr12	32	34	33	32	35	39	39	40	34	38	36	35	30	43	35	64
chr12	61	30	38	44	33	27	36	32	37	37	34	34	43	33	34	46
chr12	63	27	46	32	33	20	28	34	49	42	54	32	23	26	49	41
chr12	48	50	34	32	58	47	30	31	34	36	35	30	23	33	37	41
chr12	88	35	35	63	40	22	15	31	33	18	21	29	60	33	30	46
chr12	37	80	48	20	71	41	17	56	33	43	13	28	44	21	39	8
chr12	37	31	40	40	34	28	33	34	44	39	37	39	33	31	49	50
chr12	59	40	49	47	42	25	17	40	52	29	34	23	42	29	39	32
chr13	36	24	37	46	39	37	16	51	28	27	24	37	40	55	40	62
chr13	56	34	35	38	51	38	27	39	24	39	28	37	32	43	39	39
chr13	44	49	50	36	75	32	26	31	38	40	33	25	22	42	27	29
chr13	47	26	31	42	31	26	28	38	21	37	31	32	47	34	32	96
chr13	57	45	26	54	49	30	23	48	39	22	15	23	37	54	34	43
chr13	39	28	34	29	38	28	23	37	26	44	90	48	27	26	61	21
chr13	50	37	42	34	49	37	32	44	35	48	41	22	29	40	30	29
chr13	37	50	27	33	40	29	60	31	37	54	42	34	33	28	37	27
chr13	67	28	32	40	30	24	30	33	29	28	35	37	41	37	33	75
chr13	62	28	37	44	36	30	31	31	36	44	25	35	38	26	46	50
chr13	64	29	36	52	30	20	23	28	41	18	27	41	46	34	42	68
chr13	35	16	43	50	32	8	28	24	39	49	64	42	37	19	60	53
chr13	59	27	30	51	40	39	14	42	25	28	31	34	42	41	43	53
chr13	42	43	27	39	42	46	40	40	32	39	43	19	34	40	24	49
chr13	42	28	22	43	41	30	33	42	24	37	31	33	27	51	40	75
chr13	45	35	35	60	40	23	18	37	47	21	31	28	44	39	43	53
chr13	35	44	42	35	52	37	28	25	37	35	30	43	32	25	45	54
chr13	48	20	70	27	58	14	31	42	28	37	12	54	31	75	17	35
chr13	48	31	40	49	33	35	28	35	57	26	32	32	31	39	47	36
chr13	82	25	35	59	32	14	12	29	31	19	25	39	56	28	43	70
chr14	15	32	43	28	43	34	20	54	22	41	27	55	39	44	55	47
chr14	52	31	33	53	44	42	36	30	34	41	29	27	38	38	33	38
chr14	76	45	45	44	86	53	15	25	23	39	21	21	24	42	24	16
chr14	49	51	35	40	76	69	25	34	18	47	32	18	32	37	23	13
chr14	36	20	34	43	22	22	20	40	40	27	46	51	36	35	63	64
chr14	29	35	40	33	31	38	30	39	34	35	39	33	43	31	32	77
chr14	47	28	31	61	27	15	38	26	46	32	46	36	47	31	46	42
chr14	65	45	32	55	39	21	28	29	41	26	26	24	52	24	32	60
chr14	43	41	36	64	23	6	29	25	72	13	33	49	47	23	68	27
chr14	34	36	20	45	48	52	46	37	25	49	28	28	29	45	36	41
chr14	65	52	30	42	77	62	20	30	16	37	21	25	30	39	28	25
chr14	42	24	33	59	36	27	25	31	29	24	24	39	51	44	34	77
chr14	49	42	45	42	46	42	24	38	46	31	24	32	37	35	39	27
chr14	58	34	32	49	33	30	23	43	34	23	30	29	48	42	31	60
chr14	58	45	29	58	52	31	17	43	26	19	16	21	54	47	21	62
chr14	68	40	40	50	45	20	22	28	42	19	36	31	43	36	30	49
chr15	50	28	26	54	25	23	28	36	37	19	34	42	47	42	44	64
chr15	17	23	34	21	21	36	54	39	30	55	58	54	27	36	51	43
chr15	45	26	93	23	20	7	14	25	77	11	57	62	46	21	43	29
chr15	53	44	43	44	73	40	19	40	26	43	25	20	32	45	27	25
chr15	28	12	45	16	48	43	15	79	16	41	1	52	9	88	49	57
chr15	60	31	32	37	38	33	28	30	33	29	37	30	29	36	31	85
chr15	72	24	60	52	33	23	15	25	55	22	30	37	48	27	38	38
chr15	54	25	33	61	41	33	17	40	16	23	15	33	62	49	22	75
chr15	42	53	42	21	42	37	63	24	55	45	35	34	19	31	29	27
chr15	48	29	31	58	39	22	17	36	32	21	25	35	47	43	40	76
chr15	64	32	33	50	37	26	32	36	33	38	31	35	45	35	41	31
chr15	41	59	36	27	80	84	21	45	21	41	21	17	20	46	23	17
chr15	65	36	38	46	43	23	19	39	33	27	27	26	43	39	29	66
chr15	60	34	39	41	46	37	15	34	26	31	30	31	42	30	34	69
chr15	77	40	37	36	36	27	39	21	39	36	37	33	38	20	31	52
chr15	33	39	29	40	44	32	40	36	29	44	33	44	35	36	48	37
chr15	52	29	28	65	30	12	21	36	35	24	25	40	57	34	50	61
chr15	57	27	35	46	30	26	37	34	47	45	47	22	32	29	41	44
chr15	54	42	39	37	50	56	51	14	42	45	33	32	26	28	29	21
chr15	42	36	29	58	34	23	21	38	31	22	20	33	58	35	36	83
chr15	36	34	31	53	40	34	21	32	38	16	32	43	40	43	45	61
chr15	36	25	33	53	36	39	24	41	36	40	33	27	40	36	45	55
chr15	33	24	49	51	25	7	20	11	43	16	77	68	56	16	58	45
chr15	41	31	40	38	36	29	34	31	42	38	39	40	31	31	47	51
chr15	63	27	56	49	34	16	19	30	60	25	39	30	38	31	40	42
chr16	19	31	43	31	42	34	19	54	22	40	26	53	40	44	53	48
chr16	68	47	51	43	39	24	34	26	54	31	34	27	47	21	27	26
chr16	26	19	42	41	27	25	9	21	50	26	62	61	26	12	85	67
chr16	77	54	35	45	49	18	30	28	35	30	26	29	49	23	29	42
chr16	61	32	42	30	44	28	39	26	27	48	40	41	32	30	35	44
chr16	67	39	37	39	43	38	41	24	40	41	45	28	32	29	31	25
chr16	76	25	50	30	32	17	36	26	49	39	47	31	23	30	33	55
chr16	48	26	26	47	30	38	25	42	27	29	34	41	42	42	46	56
chr16	44	35	34	47	40	37	30	34	37	31	32	33	39	38	37	51
chr16	51	38	21	48	46	51	32	36	23	38	14	31	39	37	39	55
chr16	59	52	33	38	51	45	24	43	29	27	11	25	43	39	24	56
chr16	42	26	36	50	37	41	31	31	31	33	34	35	44	40	33	55
chr16	46	32	35	34	31	26	35	42	35	44	43	33	36	32	42	53
chr16	61	43	36	44	55	40	24	34	28	26	22	22	39	44	16	65
chr16	36	33	39	39	42	20	27	42	30	41	28	47	38	37	52	48
chr16	63	38	37	35	42	44	26	38	31	32	35	29	36	36	29	48
chr16	41	89	46	15	74	43	13	63	24	41	10	29	52	20	35	4
chr2	42	31	34	53	36	28	20	43	31	26	28	34	51	42	37	63
chr2	64	30	37	33	37	31	27	27	35	32	43	39	29	29	41	65
chr2	63	47	33	35	52	50	28	42	19	42	16	25	44	34	25	44
chr2	61	53	32	53	49	38	40	23	41	36	30	21	48	23	26	25
chr2	42	36	37	36	46	36	41	31	40	49	41	32	22	33	43	34
chr2	30	30	38	34	39	47	30	31	35	44	45	44	28	26	55	43
chr2	71	36	24	44	44	33	30	38	28	34	24	22	32	42	30	67
chr2	50	51	45	25	75	59	21	31	27	49	28	25	19	27	35	32
chr2	17	9	33	17	15	12	7	52	27	60	22	84	17	4	131	92
chr2	63	47	45	49	51	30	23	26	48	28	25	26	42	25	34	37
chr2	37	23	19	102	59	14	21	26	16	16	5	33	70	66	25	67
chr2	88	31	40	57	39	24	23	28	37	28	22	26	52	32	28	44
chr2	27	30	33	46	38	27	32	41	31	28	32	42	39	53	37	63
chr2	46	34	33	36	39	28	30	40	22	42	30	45	42	32	47	53
chr2	51	29	38	71	41	24	28	27	33	41	22	30	63	26	39	36
chr2	42	40	50	51	49	31	16	32	47	30	22	30	45	28	40	46
chr3	75	39	46	46	56	36	15	26	42	32	23	26	33	26	39	39
chr3	61	32	49	58	51	21	21	26	47	27	26	25	41	39	30	45
chr3	51	36	31	44	36	32	38	30	35	37	25	35	39	31	38	61
chr3	66	40	33	43	37	46	28	35	30	33	28	26	49	27	28	50
chr3	39	36	38	46	43	29	20	47	29	25	20	43	48	49	39	48
chr3	50	27	29	44	26	26	26	39	35	27	26	39	38	37	46	84
chr3	39	18	32	55	40	24	27	39	24	31	21	46	42	57	41	63
chr3	36	36	33	36	41	34	39	38	37	36	41	43	27	46	45	31
chr3	73	41	32	40	41	22	32	35	36	36	24	32	37	31	39	48
chr3	38	38	30	52	42	29	34	34	50	34	40	25	28	38	44	43
chr3	49	47	34	54	55	25	17	37	26	24	18	26	53	39	25	70
chr4	42	30	30	38	43	40	29	43	30	37	28	27	26	48	35	73
chr4	35	29	27	55	32	30	31	30	25	34	19	49	53	30	50	70
chr4	30	29	57	41	10	9	28	16	80	21	74	61	37	5	77	24
chr4	93	32	40	56	32	16	19	23	54	18	30	26	42	25	38	55
chr4	36	33	18	51	37	46	21	54	24	32	18	35	40	47	53	54
chr4	54	37	60	25	32	8	15	34	57	19	30	63	34	24	64	43
chr4	73	25	35	53	34	22	21	28	39	27	38	33	41	30	43	57
chr4	37	27	19	73	43	24	13	45	31	16	13	33	44	59	48	74
chr4	64	30	39	51	40	34	18	35	29	18	30	41	51	45	31	43
chr4	48	32	48	34	40	42	34	31	46	46	51	29	28	27	40	23
chr4	77	40	33	58	35	27	18	34	41	19	14	28	55	28	36	56
chr4	70	44	47	50	50	32	12	38	51	25	28	24	40	31	41	16
chr4	72	41	51	48	47	29	14	41	52	27	25	25	42	33	39	13
chr4	39	29	36	54	42	25	22	39	37	33	24	32	41	41	44	61
chr4	26	18	37	37	20	28	46	30	36	50	47	54	35	28	57	50
chr4	57	31	33	43	30	24	32	34	34	29	22	38	43	35	37	77
chr4	87	29	50	37	27	23	34	20	54	31	45	36	35	21	37	33
chr4	45	36	32	59	37	25	11	43	34	20	17	38	56	34	50	62
chr4	50	35	37	53	36	29	17	38	37	16	19	42	52	40	41	57
chr4	55	29	25	29	36	38	26	38	22	36	36	43	26	35	50	75
chr4	42	37	38	49	38	22	30	36	39	39	39	31	46	28	41	44
chr4	12	54	17	37	66	45	35	57	8	31	7	43	33	73	30	51
chr4	11	59	12	44	74	48	36	58	7	29	5	40	33	80	29	34
chr4	45	47	27	61	50	24	19	42	33	30	28	28	52	34	45	34
chr4	81	39	32	51	35	28	30	28	40	29	21	29	46	25	36	49
chr4	37	44	36	39	49	59	38	30	27	40	21	33	42	34	26	44
chr4	45	38	34	53	51	31	20	36	21	32	23	34	54	37	32	58
chr4	47	27	34	40	39	33	27	32	31	37	38	42	31	34	48	59
chr4	62	31	34	47	34	28	16	45	31	28	17	31	46	36	40	73
chr4	31	35	75	23	61	27	19	25	44	31	37	54	28	39	35	35
chr4	54	39	33	49	32	23	29	33	48	30	27	35	41	26	51	49
chr4	48	38	35	45	37	22	28	35	46	33	24	34	35	30	50	59
chr4	38	33	42	39	37	27	32	35	45	39	36	37	32	31	47	49
chr4	59	54	45	35	46	32	19	46	45	30	27	27	43	27	38	26
chr5	42	33	40	52	39	26	22	27	26	26	36	41	59	29	32	69
chr5	46	28	37	37	37	34	38	35	30	39	38	39	35	43	33	50
chr5	58	31	38	42	33	24	38	31	42	44	38	34	37	27	43	39
chr5	40	28	29	42	36	27	31	23	29	26	42	54	34	37	49	72
chr5	57	46	32	52	67	43	16	51	18	40	14	20	44	49	30	20
chr5	31	32	37	33	41	30	51	36	32	58	31	44	29	38	46	30
chr5	44	31	35	48	36	18	23	43	39	39	34	42	39	32	62	34
chr5	32	42	36	38	51	34	25	37	23	24	26	48	42	46	34	61
chr5	54	40	24	61	54	37	21	36	24	28	14	30	47	42	37	50
chr5	51	29	32	43	25	31	18	50	35	23	31	31	45	41	38	76
chr5	55	48	33	35	48	32	31	37	33	26	28	39	36	42	33	43
chr5	52	53	41	42	56	35	21	28	40	22	37	32	40	29	33	38
chr5	32	33	27	35	51	37	46	48	20	73	37	26	23	39	47	25
chr5	24	29	39	33	23	21	19	58	50	32	37	45	28	40	69	52
chr5	30	20	56	47	32	19	25	30	49	27	40	52	42	40	47	43
chr5	34	35	34	51	46	30	21	47	24	29	24	37	50	51	35	51
chr6	42	25	33	53	23	22	27	29	34	31	28	48	53	23	53	75
chr6	99	32	50	31	36	28	22	28	47	29	54	25	29	25	30	34
chr6	49	24	36	36	26	30	25	38	28	36	39	47	42	29	49	65
chr6	50	32	26	37	38	41	33	53	22	38	20	32	35	54	33	55
chr6	53	43	43	54	57	29	19	28	40	31	30	27	42	30	36	37
chr6	24	35	21	31	29	35	67	36	35	60	41	37	23	38	44	43
chr6	49	28	36	52	37	25	23	33	40	38	42	31	40	27	50	48
chr7	67	34	29	65	36	15	13	32	33	16	21	42	59	31	48	58
chr7	69	35	37	50	33	28	19	44	34	16	18	32	55	45	25	59
chr7	61	36	47	39	49	28	31	21	47	40	46	36	26	25	46	21
chr7	25	48	23	25	49	44	52	34	32	58	43	37	15	30	51	33
chr7	59	20	35	70	30	25	17	35	37	21	11	29	58	41	34	77
chr7	44	38	34	47	40	21	20	37	30	28	20	33	49	31	37	90
chr7	72	36	37	43	44	46	18	35	36	21	26	26	35	41	28	55
chr7	31	31	28	44	38	35	50	29	31	51	38	38	34	36	42	43
chr7	54	38	30	67	42	34	22	22	31	25	23	24	63	23	28	73
chr7	57	29	36	29	35	31	27	57	22	39	29	31	36	51	29	61
chr7	45	17	31	39	20	27	43	37	35	35	30	47	32	48	42	71
chr7	66	51	37	34	42	23	33	36	43	29	35	32	37	31	34	36
chr7	27	29	31	40	33	38	53	30	36	51	48	36	30	37	39	41
chr7	62	51	31	57	61	35	15	35	31	23	28	18	47	37	26	42
chr7	67	53	37	35	48	57	26	41	43	26	9	26	34	37	31	29
chr7	60	24	40	41	39	15	18	38	33	26	38	36	33	45	37	76
chr7	21	41	31	43	35	23	49	35	38	43	40	35	41	35	37	52
chr7	44	22	36	37	25	25	20	42	37	29	51	46	34	36	56	59
chr7	63	43	33	39	48	34	19	48	33	33	19	27	34	39	40	47
chr7	51	30	46	47	26	16	29	29	40	27	43	42	57	27	35	54
chr7	51	46	53	39	50	22	18	38	50	38	35	30	37	22	47	23
chr8	44	32	31	39	46	45	23	59	26	35	14	26	31	61	33	54
chr8	44	29	35	40	46	49	20	53	31	38	16	24	27	52	39	56
chr8	46	37	34	40	49	39	30	41	30	39	27	33	33	44	38	39
chr8	58	36	30	40	44	22	24	39	27	22	29	44	35	49	39	61
chr8	32	23	27	47	27	38	22	50	33	40	30	36	37	35	60	62
chr8	77	24	30	54	39	21	14	31	25	25	27	28	44	35	33	92
chr8	35	33	26	46	44	38	35	29	24	40	37	49	38	35	52	38
chr8	48	50	33	36	59	39	37	32	39	48	20	25	21	30	41	41
chr8	79	25	37	60	36	20	16	26	42	25	27	31	44	28	46	57
chr8	58	31	47	39	39	23	19	38	43	33	46	38	34	32	49	30
chr8	41	45	22	35	34	41	31	50	23	33	28	38	45	37	41	55
chr8	40	38	24	54	45	35	24	43	31	22	21	37	40	52	41	52
chr8	38	93	18	27	55	44	19	53	41	1	28	35	42	33	40	32
chr8	63	26	56	50	37	18	17	30	59	26	41	27	36	31	39	43
chr9	37	27	35	49	40	34	16	53	29	24	21	35	43	58	36	62
chr9	48	34	28	34	36	44	36	47	34	38	27	34	26	47	42	44
chr9	54	32	30	47	49	31	31	29	31	31	39	34	28	46	35	52
chr9	53	24	53	50	35	8	21	15	55	35	42	52	37	12	68	39
chr9	59	31	47	36	26	24	26	38	50	34	41	33	38	25	43	48
chr9	51	35	41	58	37	15	20	39	48	21	21	31	50	40	38	54
chr9	56	28	39	62	39	19	16	24	51	29	20	32	39	23	56	66
chr9	37	27	49	37	48	25	19	42	38	37	52	32	26	46	39	45
chr9	13	13	120	9	28	0	1	44	75	46	52	50	39	14	51	44
chr9	14	14	114	6	27	0	2	47	70	47	55	53	38	15	53	44
