Chromosome	AAA	AAC	AAG	AAT	ACA	ACC	ACG	ACT	AGA	AGC	AGG	AGT	ATA	ATC	ATG	ATT	CAA	CAC	CAG	CAT	CCA	CCC	CCG	CCT	CGA	CGC	CGG	CGT	CTA	CTC	CTG	CTT	GAA	GAC	GAG	GAT	GCA	GCC	GCG	GCT	GGA	GGC	GGG	GGT	GTA	GTC	GTG	GTT	TAA	TAC	TAG	TAT	TCA	TCC	TCG	TCT	TGA	TGC	TGG	TGT	TTA	TTC	TTG	TTT
chr1	2	14	17	16	11	3	3	17	20	4	12	13	5	0	17	9	2	6	18	1	2	0	2	7	1	5	2	2	4	4	17	8	22	8	7	12	10	1	0	7	6	4	0	29	29	2	17	19	23	6	7	2	4	7	5	2	22	5	26	23	0	12	24	13
chr1	6	14	8	11	17	6	4	6	15	5	8	16	8	4	10	10	6	12	14	9	6	2	7	3	2	6	3	9	3	6	11	7	13	3	5	9	11	5	1	8	8	7	1	17	24	7	20	20	14	4	17	3	7	5	8	10	6	7	21	29	3	13	22	16
chr1	11	3	12	9	7	6	5	5	9	1	4	33	3	3	18	10	9	4	12	11	8	1	5	1	0	1	9	7	3	3	14	2	9	7	5	8	4	3	0	10	4	10	1	29	29	14	18	28	6	9	19	6	17	5	7	6	16	5	29	20	5	15	20	5
chr1	16	13	15	17	12	9	5	7	12	9	10	12	15	5	11	16	14	5	8	11	7	1	4	5	1	3	7	7	7	3	7	11	10	8	4	10	11	5	4	8	8	8	13	9	15	6	10	11	22	7	15	9	8	2	5	8	11	8	8	14	16	9	13	18
chr1	3	6	2	6	16	11	10	9	4	7	0	9	9	20	5	8	9	25	13	20	26	13	10	13	2	10	9	10	5	16	13	9	3	5	1	6	13	18	3	9	3	8	8	6	8	8	10	9	2	10	4	10	12	20	8	12	6	18	8	10	4	9	13	6
chr1	9	8	10	10	8	5	4	8	11	7	14	11	14	5	17	14	2	3	11	14	7	2	3	5	2	2	4	3	4	6	15	7	17	6	13	18	5	4	4	8	16	8	8	17	8	8	20	14	9	8	9	8	10	6	0	11	25	4	23	19	8	9	19	11
chr1	11	14	4	3	14	17	21	12	12	6	5	5	4	6	7	4	14	27	14	7	18	16	15	10	8	26	12	11	7	14	12	6	6	14	8	3	21	14	12	11	7	12	2	4	7	7	6	4	1	8	2	8	9	12	9	6	4	14	6	4	1	9	4	1
chr1	4	23	6	11	15	25	9	28	3	6	3	7	4	8	13	8	17	18	9	12	23	2	8	7	9	2	5	5	19	4	15	12	17	11	2	3	4	6	1	5	6	3	5	10	12	10	5	6	7	25	2	7	13	7	3	10	15	5	11	11	6	11	9	10
chr1	7	34	4	7	11	35	9	34	6	5	4	4	0	12	11	6	18	21	12	17	35	0	9	2	5	0	6	8	15	7	17	6	23	14	1	2	3	3	2	0	8	2	0	12	5	12	5	7	4	20	2	3	19	8	0	9	21	1	12	5	9	5	6	8
chr1	9	28	3	9	3	26	7	34	3	4	5	6	0	15	8	9	18	21	13	14	33	2	4	3	5	1	4	6	10	8	20	14	18	10	1	4	4	2	2	2	7	3	0	10	4	15	6	8	4	12	1	5	26	12	3	13	18	2	11	11	7	16	8	8
chr1	6	13	4	7	14	14	6	23	3	7	4	5	2	16	5	8	11	18	11	17	21	4	9	8	4	15	3	2	22	16	17	18	6	5	0	3	8	9	5	11	3	2	0	11	4	10	7	8	7	21	4	4	14	15	4	31	4	10	9	11	7	22	5	5
chr10	18	10	17	17	15	6	5	9	15	4	5	13	15	14	18	17	17	8	5	9	7	1	3	5	5	1	5	4	8	3	10	8	14	6	10	24	5	2	1	6	11	5	3	4	9	6	7	9	13	11	6	14	12	7	6	9	22	4	10	10	12	11	11	21
chr10	12	9	12	8	15	9	8	10	9	10	12	10	14	10	12	8	8	17	11	12	19	3	1	5	8	9	3	4	7	4	11	17	11	8	9	8	7	9	9	13	10	6	10	6	10	6	5	7	10	8	9	16	7	7	6	11	9	13	8	8	12	11	9	13
chr10	4	7	7	5	9	12	14	10	6	9	7	6	5	7	11	10	8	11	10	14	7	15	10	8	12	11	6	11	12	5	11	8	6	13	7	6	16	6	9	12	9	10	6	9	5	8	10	17	5	14	4	8	11	7	7	6	5	13	15	14	9	11	14	18
chr10	9	13	19	6	12	15	12	7	17	7	12	7	7	13	5	5	9	16	10	12	17	8	13	9	9	9	7	10	10	12	11	7	18	9	9	9	5	9	6	13	16	8	4	6	6	9	9	5	11	8	5	3	13	15	4	11	3	9	11	6	4	9	4	6
chr10	4	3	12	3	4	2	3	18	14	7	30	8	4	2	7	7	4	8	9	7	2	2	1	4	1	3	5	5	3	3	27	7	12	3	30	6	15	3	7	14	20	12	16	34	17	2	29	10	2	13	8	4	7	2	3	4	16	17	31	11	3	9	12	7
chr10	14	7	24	11	12	4	5	9	23	6	18	11	19	4	14	10	13	3	7	8	7	7	2	8	7	2	3	6	3	11	3	9	16	14	12	15	6	4	5	5	15	6	10	10	12	6	5	12	13	6	15	14	6	9	6	4	12	6	10	8	14	4	13	15
chr10	27	7	19	16	7	6	5	7	11	9	10	15	8	12	14	9	16	6	6	11	8	7	6	9	7	6	5	6	8	6	6	11	16	3	10	10	11	11	3	5	13	6	7	6	10	10	4	13	10	9	10	6	13	6	10	10	8	9	10	10	9	11	13	10
chr10	17	12	12	11	30	14	7	8	10	12	3	11	19	7	8	6	14	29	9	10	10	26	5	9	5	5	2	9	2	11	7	11	9	4	5	8	11	5	4	4	2	2	3	6	10	7	9	10	12	14	10	11	11	6	5	10	9	5	5	10	15	7	5	13
chr10	11	7	8	12	14	9	12	10	9	11	4	4	22	10	14	10	7	13	12	19	14	11	6	10	12	9	3	7	5	17	5	13	12	10	3	6	14	8	5	7	4	4	1	3	3	3	4	11	7	15	5	20	9	13	8	13	6	10	4	7	17	13	4	19
chr10	20	4	14	12	14	8	6	9	8	11	2	13	21	8	8	11	8	13	6	9	7	13	6	14	6	7	8	6	13	8	10	12	9	3	6	9	8	13	10	6	2	10	7	4	11	3	9	9	12	17	8	18	7	6	5	14	11	9	6	9	10	14	8	10
chr10	27	9	18	9	11	6	12	8	12	8	12	11	10	9	10	7	11	8	13	9	8	4	6	5	9	8	6	7	8	10	11	10	15	16	5	6	16	8	7	6	14	7	2	6	9	9	12	5	10	4	8	12	6	5	5	20	6	14	9	11	7	8	7	11
chr10	2	7	3	4	10	6	7	9	5	10	8	17	6	10	7	11	4	8	14	8	2	7	7	6	5	3	6	21	6	13	5	12	3	11	6	8	9	2	6	9	8	2	2	15	17	12	21	21	7	6	17	14	13	7	15	12	10	11	12	18	15	12	18	10
chr10	19	15	5	11	10	6	11	8	12	10	5	8	11	10	13	13	10	6	14	8	9	1	6	3	12	8	10	7	3	5	6	15	11	4	9	17	11	10	6	6	11	6	4	8	13	6	7	9	10	9	7	11	8	2	14	12	6	9	10	12	10	15	11	24
chr10	31	11	21	13	16	8	7	10	18	5	10	9	17	9	13	14	18	9	8	10	8	2	6	5	9	3	6	4	8	6	3	7	19	7	7	16	11	5	5	3	7	9	2	9	6	4	12	5	8	14	6	14	10	6	4	6	15	7	9	5	11	7	8	17
chr10	26	10	16	16	13	5	4	12	9	8	7	9	12	3	16	19	19	9	7	10	14	4	5	1	7	3	5	5	6	0	6	10	14	6	7	12	7	8	1	7	8	4	4	14	8	10	11	11	10	9	3	12	11	7	9	2	15	8	14	12	8	16	16	18
chr11	5	6	13	6	8	7	7	4	6	10	14	7	7	3	14	6	7	7	3	9	8	7	9	5	8	10	21	8	10	5	7	7	11	8	13	10	6	10	22	9	18	17	20	20	6	8	16	14	7	5	7	5	4	5	9	11	10	10	20	9	2	13	12	7
chr11	5	6	9	6	3	4	12	10	18	9	7	6	6	14	12	9	4	6	5	11	6	9	6	6	9	9	11	9	3	9	5	21	14	11	17	18	8	6	10	10	17	6	8	12	9	6	11	8	3	6	9	6	9	8	10	12	16	9	17	7	6	11	21	12
chr11	9	10	12	8	9	9	16	4	14	8	10	4	7	11	18	3	16	10	11	8	10	9	11	10	7	9	9	13	9	11	8	8	13	9	8	7	17	11	7	8	9	16	9	10	10	8	8	7	2	9	4	16	9	11	4	14	7	10	16	6	5	8	5	4
chr11	15	15	11	13	13	9	8	9	9	6	9	7	11	6	13	8	15	15	11	9	16	7	8	11	6	11	9	7	7	9	10	10	16	2	2	6	14	16	13	6	6	17	10	2	7	6	3	7	8	7	7	10	7	10	4	9	5	15	7	7	7	9	8	22
chr11	17	8	7	19	15	7	7	7	9	8	9	5	17	5	7	13	16	9	12	10	9	14	13	10	6	16	12	6	10	12	9	8	8	8	5	4	11	17	14	15	7	19	10	4	3	3	7	4	11	11	7	9	11	8	6	7	3	14	9	2	8	12	5	4
chr11	14	6	12	7	4	4	11	6	11	8	12	9	6	9	10	22	8	5	7	13	9	4	7	7	6	1	5	13	4	5	10	11	14	5	10	9	6	8	4	10	12	10	5	9	14	5	7	16	3	9	11	18	13	11	3	7	9	9	15	11	17	15	17	20
chr11	21	12	12	24	8	10	11	8	6	8	5	12	28	12	8	18	16	8	6	11	8	2	3	4	9	3	4	7	8	4	2	11	8	5	6	13	14	1	4	4	4	7	4	7	10	6	12	6	24	12	7	18	11	5	5	9	13	5	9	7	15	8	12	18
chr11	14	14	12	24	12	5	4	13	14	4	2	9	35	11	13	20	13	3	7	12	7	1	5	3	5	4	1	5	7	5	5	14	11	8	4	16	5	3	2	4	2	2	2	7	5	6	4	12	26	9	6	26	11	7	4	11	18	4	8	6	20	12	14	20
chr11	33	8	14	11	13	10	5	6	16	9	7	9	8	6	11	6	13	10	8	6	9	8	9	15	4	6	13	6	9	2	9	10	13	10	8	10	10	16	8	3	8	14	6	8	5	6	13	9	7	6	11	4	5	7	7	6	13	8	10	10	6	11	8	23
chr11	26	15	10	16	18	8	11	13	16	8	4	3	17	13	6	8	9	14	7	12	12	7	7	4	10	10	7	6	6	4	10	14	20	11	10	7	7	7	7	5	10	6	4	1	5	4	6	6	11	10	4	9	5	8	8	12	12	3	6	11	6	12	10	24
chr11	7	7	6	0	11	20	1	20	7	13	0	27	7	3	10	2	3	19	20	12	19	0	12	7	9	3	1	12	23	21	17	5	10	5	14	0	12	3	0	13	1	0	0	2	6	33	15	3	0	21	8	10	12	15	12	26	12	12	2	16	3	7	0	1
chr11	10	11	10	12	14	9	7	9	11	5	8	5	14	11	18	8	12	6	7	20	5	1	5	9	4	3	8	4	9	6	15	11	14	7	6	9	14	5	3	11	10	10	5	13	6	3	10	14	7	15	6	10	12	5	4	11	11	15	17	12	9	12	12	13
chr12	0	5	3	5	5	4	9	16	3	13	1	26	3	6	6	9	6	13	13	11	8	3	1	16	3	7	4	6	9	4	26	12	4	7	4	5	20	7	1	13	6	6	0	20	20	15	15	13	3	9	23	3	10	14	9	7	8	15	26	11	6	15	13	14
chr12	24	5	6	13	29	21	6	9	9	5	4	4	18	6	7	10	9	31	7	7	16	15	5	17	6	10	2	8	13	9	6	20	7	11	2	4	3	8	6	10	6	4	0	3	6	6	3	6	9	18	7	17	6	9	9	12	3	8	7	6	14	14	8	9
chr12	3	1	0	4	0	2	6	18	0	13	0	40	1	3	6	11	1	10	11	10	3	1	1	9	1	4	5	7	13	7	15	12	2	7	7	3	24	1	2	13	9	9	0	25	25	12	27	16	1	8	35	4	5	10	8	7	9	14	38	8	9	9	21	12
chr12	26	12	14	12	7	8	6	12	12	3	9	4	10	10	6	14	11	11	5	7	10	10	8	6	4	5	9	8	10	6	11	13	18	6	5	8	5	8	6	7	11	10	11	8	5	7	10	7	9	4	4	13	12	8	6	15	10	7	11	9	5	18	11	25
chr12	32	12	13	10	3	8	6	12	13	12	8	4	13	11	5	9	10	8	7	6	12	9	9	9	5	10	10	7	10	5	5	14	10	4	11	8	8	15	6	8	11	11	8	8	7	3	10	9	15	5	6	14	8	8	11	5	4	4	12	10	10	12	10	20
chr12	24	12	11	18	12	8	2	5	11	2	11	13	17	8	17	12	16	5	9	11	4	6	3	4	2	4	6	7	4	5	7	11	14	5	10	7	13	0	5	9	8	11	8	9	9	9	12	10	10	5	7	18	12	3	10	9	15	10	11	11	10	12	11	18
chr12	20	8	15	12	11	9	5	4	9	7	9	10	17	7	16	16	9	10	5	18	8	5	3	9	2	3	8	5	3	6	3	13	17	1	7	5	11	5	7	6	8	4	8	9	6	4	7	19	9	10	8	20	12	6	3	6	11	15	4	12	21	10	16	26
chr12	37	7	7	7	6	11	10	8	10	9	4	5	10	20	4	11	3	11	9	24	12	10	8	16	11	6	6	14	8	11	11	9	13	6	5	5	12	11	5	6	1	9	7	4	3	13	4	7	5	11	7	9	17	14	14	8	7	10	4	5	11	9	7	14
chr12	17	11	12	10	10	5	10	11	12	10	8	10	18	6	7	7	16	9	9	8	8	10	8	8	7	6	7	8	8	10	13	8	12	8	11	6	9	12	6	8	7	9	3	8	4	11	9	15	5	8	8	14	14	7	4	12	11	10	9	13	5	10	14	9
chr12	16	4	13	4	8	7	3	8	4	9	7	9	10	2	12	15	1	7	7	11	5	6	5	8	6	5	6	5	10	4	18	9	11	6	4	11	6	10	12	18	10	11	4	10	5	2	15	21	9	9	5	13	8	1	2	6	12	21	18	19	11	9	25	30
chr12	18	5	17	8	2	7	10	8	10	7	14	17	8	6	5	10	8	6	6	2	9	7	3	5	4	5	7	13	5	7	6	14	16	11	9	5	8	7	10	5	17	7	7	14	17	7	18	12	6	5	16	13	3	3	6	14	10	11	17	10	10	7	19	19
chr12	14	10	15	11	10	8	8	7	20	7	12	10	11	5	10	8	13	11	12	8	10	2	2	4	6	5	8	8	8	4	12	7	20	4	11	8	15	2	13	13	12	19	12	8	6	10	15	8	3	8	11	7	9	6	4	7	5	12	19	13	5	7	11	9
chr12	5	3	11	3	12	4	12	7	13	16	13	8	3	8	7	6	3	12	12	6	7	7	10	7	16	25	10	9	8	5	10	7	9	13	23	6	10	18	28	11	14	11	7	13	10	3	14	8	5	7	5	9	4	2	10	4	8	15	15	5	5	4	12	5
chr12	21	8	13	12	5	7	4	8	15	7	4	12	13	15	6	15	8	8	7	12	7	8	6	13	2	6	1	11	5	7	3	20	10	2	8	8	7	8	3	5	4	3	1	4	14	5	4	16	15	6	10	17	16	11	7	9	7	7	6	12	16	16	19	33
chr12	13	11	9	11	14	8	5	12	8	14	6	5	4	14	8	10	20	8	12	7	12	12	16	7	4	16	6	14	14	11	9	9	4	9	5	5	9	16	9	13	4	7	2	7	11	5	6	11	8	11	7	13	12	11	10	11	7	9	6	7	10	14	6	4
chr12	15	12	6	18	12	7	11	12	6	5	9	8	18	12	13	14	10	10	9	13	4	3	8	3	11	3	10	5	9	6	4	12	16	11	4	12	11	4	2	4	14	7	13	10	4	9	7	8	10	10	9	14	15	4	8	12	12	6	12	5	12	12	11	12
chr12	8	13	9	10	15	12	6	7	9	12	5	3	14	8	1	10	17	16	7	5	11	14	9	15	6	8	11	7	5	20	9	18	6	3	8	7	14	10	5	7	2	11	3	5	8	3	3	10	9	8	6	11	5	13	12	23	7	5	2	9	7	22	9	25
chr12	14	10	12	9	10	10	6	9	5	3	4	13	5	5	11	18	9	12	3	14	10	6	6	13	2	6	5	7	5	11	14	15	9	7	2	9	8	9	5	7	5	7	3	3	13	5	6	17	13	6	8	7	10	10	3	16	15	13	6	18	10	19	21	26
chr12	3	5	6	8	3	9	10	11	2	11	5	6	1	6	3	11	6	12	9	8	9	4	10	9	10	19	13	10	2	18	11	16	8	9	4	2	15	12	18	9	5	11	5	9	8	4	12	14	5	7	5	3	8	7	14	19	6	13	7	12	9	20	12	40
chr12	25	8	9	18	11	8	9	9	12	9	6	9	20	6	10	10	10	6	11	10	6	7	7	10	5	11	3	10	5	3	11	11	7	7	11	6	12	9	12	7	6	7	9	5	12	3	11	9	18	16	5	12	8	6	1	4	7	13	9	11	14	7	9	20
chr12	14	6	9	26	9	2	2	8	8	3	9	9	21	15	14	27	12	6	2	14	7	1	2	6	4	3	1	7	13	9	4	9	10	3	4	14	6	3	4	5	7	6	5	7	7	5	5	11	20	6	14	23	12	10	7	16	12	6	10	5	21	16	10	26
chr12	9	8	9	8	3	4	7	3	11	7	23	10	1	2	18	8	4	2	10	6	4	2	2	5	4	5	9	2	3	5	12	6	13	6	22	12	11	4	7	15	24	12	17	29	10	3	26	16	8	1	10	3	4	3	4	3	13	13	33	14	8	4	18	20
chr12	12	4	10	6	9	8	10	6	7	11	8	7	5	11	3	13	10	7	7	11	10	9	8	12	11	9	8	11	5	5	11	19	6	11	9	8	8	10	14	6	7	10	12	7	4	8	7	16	4	12	7	7	8	12	7	16	9	8	8	10	16	18	14	16
chr12	24	12	12	13	6	5	13	6	12	6	10	10	10	12	12	10	9	6	9	9	10	5	3	9	9	10	12	5	9	7	7	9	13	1	11	12	10	8	13	6	9	14	5	6	14	6	7	7	15	11	6	10	6	9	7	11	7	7	7	13	10	8	8	20
chr12	29	8	16	10	8	5	8	6	16	8	16	6	9	6	14	3	10	5	7	10	7	2	6	5	7	9	6	6	5	4	16	9	18	9	14	8	8	8	10	16	14	18	17	5	6	6	11	9	6	5	8	4	10	5	4	7	12	7	15	15	3	10	8	20
chr12	10	15	17	6	20	16	5	9	10	12	7	4	8	6	8	10	17	18	9	14	20	8	10	9	7	6	8	9	6	9	7	9	15	6	8	5	10	12	6	8	7	8	12	8	5	5	7	13	6	10	0	7	8	11	9	5	10	10	8	9	4	13	15	9
chr12	38	17	13	20	13	8	5	9	8	7	10	10	24	12	10	17	12	6	4	18	8	3	2	9	5	2	4	4	8	6	8	9	16	5	4	8	8	4	2	4	9	3	3	6	10	5	4	10	21	7	14	17	11	7	6	9	11	6	4	9	18	10	8	10
chr12	9	14	6	8	12	24	5	38	6	16	9	17	2	3	10	5	14	25	26	6	35	0	5	1	10	0	0	7	33	8	13	2	9	16	3	5	16	7	6	14	9	2	0	2	7	7	13	1	5	25	13	1	8	10	1	2	8	25	4	2	2	3	3	0
chr12	13	6	10	8	7	5	10	9	10	8	11	11	7	8	13	12	5	6	14	8	5	10	6	7	12	5	7	9	8	7	6	13	13	8	10	13	10	8	12	9	9	15	6	7	9	5	12	13	6	11	6	10	12	5	5	9	13	11	13	12	9	11	18	12
chr12	20	6	15	18	10	8	6	16	20	11	10	8	14	7	15	11	14	14	8	6	18	3	2	2	7	2	4	4	13	6	14	7	17	7	18	10	8	7	3	11	17	5	9	3	9	7	3	4	8	13	8	13	6	7	6	10	8	11	11	8	6	9	7	10
chr13	12	4	8	12	8	5	3	8	10	11	3	13	12	9	8	17	8	3	14	14	13	10	4	10	6	3	2	5	8	19	7	17	9	7	5	7	10	6	2	9	6	7	3	7	13	7	11	6	7	10	10	13	8	16	7	24	6	6	16	12	7	20	14	21
chr13	19	12	14	11	11	6	9	8	9	9	9	8	9	12	7	10	25	8	7	11	11	10	6	11	4	9	5	8	5	12	14	8	5	6	6	7	11	14	5	9	3	6	10	9	10	7	11	9	7	8	8	9	18	7	7	11	8	15	4	12	8	12	7	12
chr13	7	20	10	7	19	10	9	11	13	24	7	6	6	13	6	10	22	12	24	17	11	6	8	7	2	7	5	12	5	7	9	10	9	8	14	7	23	10	5	2	13	7	10	3	2	10	7	6	6	9	2	5	22	6	3	11	10	2	11	4	9	12	5	3
chr13	19	7	7	14	7	5	4	10	6	8	8	8	9	5	8	20	6	5	12	8	5	7	8	6	7	9	7	5	7	6	7	18	8	4	4	5	12	8	8	9	5	8	7	11	9	4	9	10	14	10	8	15	7	6	8	13	3	12	9	8	22	19	8	47
chr13	16	18	7	16	12	12	4	17	12	5	4	5	7	23	13	11	23	6	6	14	9	3	8	9	9	3	3	8	11	9	12	16	11	9	7	12	10	1	2	9	5	6	1	3	5	7	4	7	7	12	6	12	18	14	9	13	13	7	7	7	14	15	5	9
chr13	9	8	9	12	8	8	5	7	7	8	14	5	6	5	16	2	12	8	11	7	15	3	3	7	2	2	14	5	6	6	10	15	8	3	9	6	7	10	13	14	10	19	26	35	12	7	25	4	9	9	5	4	8	7	2	9	7	15	36	3	3	8	10	0
chr13	16	8	16	10	13	7	9	8	12	12	13	5	12	9	7	6	14	13	8	14	7	8	10	12	8	9	12	3	7	13	14	10	11	6	14	4	18	12	7	11	10	15	9	7	8	7	3	4	9	10	4	6	11	10	6	13	5	12	6	7	2	11	6	9
chr13	18	8	6	5	16	9	12	12	5	9	9	4	6	5	13	9	7	15	6	12	3	6	14	6	14	20	14	12	6	9	6	10	8	14	8	7	13	10	22	9	10	14	10	8	11	6	14	3	4	13	7	9	8	4	12	4	8	11	8	10	10	8	4	5
chr13	30	11	8	18	9	5	9	5	12	4	6	9	10	7	10	13	4	8	7	11	9	3	4	8	7	7	7	9	8	7	6	12	14	4	6	5	6	6	8	8	6	10	11	8	15	2	6	14	19	5	11	6	6	10	9	12	4	7	11	11	8	21	10	36
chr13	23	10	12	16	8	5	9	6	10	12	5	10	11	9	10	14	12	6	9	9	9	6	4	11	7	9	5	10	7	5	11	8	16	3	9	8	15	10	14	5	10	7	1	7	12	5	7	11	11	9	7	11	4	9	4	9	8	16	14	8	8	7	18	17
chr13	28	12	11	13	5	9	7	8	10	6	7	13	10	10	15	17	9	7	5	9	6	1	7	6	6	3	5	9	9	5	6	8	10	8	10	13	6	5	4	3	9	2	9	6	11	5	7	18	17	2	10	17	13	5	5	11	16	7	6	13	16	13	14	25
chr13	7	8	9	11	7	1	5	3	10	11	13	9	16	4	18	12	14	3	8	7	4	1	0	3	3	6	13	6	4	2	9	9	8	3	17	11	16	3	19	11	19	17	14	14	11	5	15	11	5	2	9	21	5	3	4	7	7	15	24	13	6	8	18	21
chr13	18	10	15	16	7	6	3	11	7	8	7	8	13	13	15	10	17	8	5	10	15	9	4	11	4	3	2	5	13	9	7	13	11	2	1	11	2	13	3	10	7	8	8	8	6	6	8	13	13	7	9	13	16	11	4	10	7	9	14	13	10	13	13	17
chr13	15	8	11	8	12	10	9	12	5	11	6	4	18	8	5	8	7	18	6	11	10	14	11	11	7	15	13	5	9	11	6	14	10	9	4	9	12	8	11	8	14	10	14	5	3	5	7	4	10	8	6	10	8	14	9	9	6	3	10	5	4	16	6	23
chr13	16	6	10	10	11	6	5	6	3	9	5	5	10	10	8	15	9	12	8	12	8	6	7	9	5	9	8	11	5	7	12	18	10	4	2	8	15	7	7	8	7	9	8	7	6	5	9	13	7	6	2	12	7	11	14	19	9	10	10	10	6	29	11	29
chr13	14	10	7	14	11	5	5	14	11	4	14	6	17	12	13	18	10	4	6	20	2	6	6	9	8	2	1	7	11	5	12	9	15	7	16	9	9	5	2	5	10	7	7	7	6	5	6	11	6	14	6	17	18	7	5	9	18	8	9	8	10	16	12	15
chr13	4	12	9	10	13	19	5	7	12	12	3	15	11	3	9	12	15	13	19	5	19	4	8	6	5	2	6	15	2	3	3	17	9	11	5	12	8	11	9	7	8	14	3	5	12	6	11	13	7	8	9	8	12	3	6	4	12	7	18	8	7	13	22	12
chr13	8	17	15	8	10	0	8	2	10	30	0	30	1	16	2	8	20	0	19	19	11	0	2	1	2	0	6	23	18	20	1	3	15	1	12	0	8	1	6	22	4	7	1	0	8	17	11	18	5	2	24	0	29	13	15	17	12	0	4	1	4	22	3	6
chr13	13	7	14	14	6	10	6	9	18	4	10	8	12	14	11	12	9	4	11	9	9	9	8	9	13	7	4	4	6	9	15	5	17	14	9	17	3	10	3	10	11	4	6	11	5	9	10	8	9	6	6	9	15	6	11	7	15	11	12	9	8	7	10	11
chr13	34	10	13	25	10	2	3	10	13	6	6	9	28	6	11	14	13	4	6	9	5	4	0	5	2	2	4	4	7	4	8	10	13	5	7	6	7	2	5	5	6	4	9	6	12	7	11	9	22	6	9	19	9	6	4	9	10	7	6	20	9	11	13	37
chr14	0	6	3	6	6	4	9	13	6	12	2	23	6	7	6	9	6	12	13	12	9	7	1	17	3	8	3	6	10	6	27	11	4	7	4	7	19	8	1	13	5	7	0	15	15	17	12	11	5	7	23	3	9	15	9	11	8	14	22	11	7	14	10	16
chr14	14	8	14	16	7	6	10	8	10	11	5	7	19	14	10	10	10	11	6	17	12	13	12	5	10	7	7	12	4	6	9	11	16	3	7	8	10	15	8	8	9	9	6	5	5	9	5	8	12	9	5	12	15	8	6	9	5	14	11	3	10	9	9	9
chr14	23	19	19	15	20	19	2	4	9	18	9	9	8	18	13	5	36	15	19	16	28	9	7	9	4	4	4	3	6	11	3	5	8	5	4	6	21	11	2	5	4	7	5	4	4	8	6	3	9	6	2	7	17	14	4	7	6	10	3	5	6	5	2	3
chr14	13	20	4	12	16	19	7	9	5	18	9	3	12	12	11	5	22	16	24	14	25	18	7	19	3	10	5	7	11	14	7	2	8	1	3	6	20	19	4	4	6	10	9	7	4	7	4	3	6	14	4	8	15	13	6	2	4	9	9	1	5	4	1	3
chr14	13	2	13	8	3	5	5	7	11	5	7	11	7	8	15	13	7	6	4	5	7	4	3	8	4	3	8	5	5	3	16	16	8	6	11	15	4	6	5	12	14	8	10	14	12	9	13	17	8	6	6	15	8	7	7	13	11	10	21	21	12	15	19	18
chr14	12	4	8	5	10	9	7	8	12	11	9	8	9	5	7	12	3	15	8	5	14	5	10	9	7	7	10	6	9	8	2	20	10	5	13	6	4	11	9	11	8	9	13	9	9	5	9	10	4	11	11	17	3	13	4	11	7	8	7	10	16	13	13	35
chr14	21	5	9	12	9	3	10	6	14	3	4	9	29	10	12	10	8	4	5	10	0	2	9	4	4	9	17	8	4	4	5	13	12	9	9	16	12	4	9	7	16	6	14	10	8	5	13	10	6	10	8	23	6	6	10	9	12	14	11	9	5	12	16	9
chr14	22	16	12	15	19	5	11	10	12	6	7	7	22	8	9	16	12	5	9	13	9	5	3	4	6	9	7	6	8	4	6	11	19	6	5	11	5	8	6	7	7	4	7	8	8	4	6	6	12	18	6	16	6	2	8	8	16	7	5	3	14	8	11	27
chr14	9	11	11	12	11	3	16	11	14	5	7	10	16	8	31	9	6	2	5	9	3	0	2	1	17	1	4	7	6	3	10	6	16	19	8	29	1	0	3	9	9	1	9	14	19	8	11	11	12	9	12	14	8	3	8	4	31	6	13	18	6	4	16	1
chr14	10	8	0	15	11	11	10	4	5	9	2	4	10	12	7	16	9	15	8	16	19	9	14	10	3	17	11	15	7	10	9	11	2	6	6	11	9	15	12	13	9	11	5	3	5	8	10	5	13	7	6	3	8	17	10	10	8	12	10	6	7	15	10	9
chr14	14	22	8	21	20	19	4	8	3	13	4	10	9	11	17	5	35	15	16	11	28	11	9	14	4	7	4	5	5	15	3	7	7	4	3	2	16	13	3	5	3	8	4	6	11	4	5	5	8	11	3	8	13	19	4	3	6	9	9	4	5	9	3	8
chr14	9	7	7	18	7	3	6	8	4	8	8	13	15	10	9	25	14	3	10	9	5	9	7	6	7	2	9	7	8	5	4	14	6	6	6	11	6	6	5	7	7	7	3	7	11	8	9	11	13	8	9	21	18	9	7	10	11	7	4	12	17	21	12	27
chr14	8	15	19	7	14	12	6	10	24	6	6	9	15	10	12	4	17	5	11	13	10	12	11	9	6	9	3	6	11	8	12	7	16	11	9	10	11	8	2	10	7	7	4	6	6	8	7	11	8	11	6	12	11	10	5	9	9	9	11	10	5	9	8	5
chr14	15	14	16	13	11	7	4	12	12	5	7	7	17	8	8	16	13	7	6	7	8	7	6	9	5	7	4	7	8	12	11	12	14	7	4	9	3	6	6	8	7	4	11	8	10	3	5	11	16	6	6	20	11	10	7	14	10	6	8	7	13	19	7	21
chr14	19	18	8	13	19	9	6	11	7	9	5	8	19	12	5	22	15	17	4	16	13	6	4	8	7	3	1	5	12	9	6	16	12	4	3	7	5	5	2	7	7	4	3	2	7	7	2	5	12	6	14	22	14	11	5	17	5	3	7	6	16	19	8	19
chr14	27	16	14	11	16	8	11	5	12	7	11	10	16	15	7	12	17	5	12	11	10	3	3	4	9	2	4	7	6	5	8	9	11	11	7	12	7	1	4	7	12	7	10	7	7	4	5	15	12	8	7	16	12	8	4	12	9	3	11	7	14	12	10	13
chr15	20	2	10	18	6	3	8	11	8	3	8	7	20	9	8	17	8	6	3	8	7	3	8	5	10	6	6	6	7	9	8	12	12	7	7	10	4	4	5	6	11	1	9	13	11	6	15	10	10	13	6	18	8	13	7	14	8	9	11	16	9	17	13	25
chr15	5	5	3	4	4	5	11	3	6	11	7	10	4	6	5	6	3	7	10	1	4	12	11	9	13	9	20	12	6	12	10	11	4	6	12	8	9	13	18	14	6	16	17	19	7	8	26	13	5	5	9	8	4	6	14	12	5	19	14	13	10	10	10	13
chr15	7	7	26	4	6	4	5	11	40	1	33	19	5	5	8	5	5	8	3	4	3	1	1	2	6	1	2	5	10	4	6	5	29	8	32	8	2	0	1	8	17	5	5	30	31	6	15	10	4	3	32	7	9	2	7	3	14	4	17	8	0	6	14	9
chr15	14	20	9	10	23	9	6	6	5	19	13	6	9	16	12	7	23	14	22	13	14	9	4	13	6	5	5	3	9	12	6	13	13	2	4	7	21	11	1	10	6	9	3	7	8	4	5	3	3	7	8	14	15	11	8	11	9	10	4	4	6	13	4	2
chr15	0	1	26	1	3	6	0	3	0	17	0	28	0	13	2	1	14	7	14	13	13	0	10	20	3	4	0	8	8	35	13	23	13	1	1	1	4	8	4	25	1	0	0	0	0	11	11	30	1	3	4	1	27	29	1	31	12	20	1	16	1	29	23	3
chr15	24	14	12	10	11	5	8	7	7	8	8	9	5	6	7	19	10	5	8	15	6	9	7	11	8	4	7	9	5	8	4	13	12	4	8	9	11	7	6	5	12	8	11	6	8	4	7	11	14	8	4	3	10	12	7	7	6	8	11	6	11	18	13	42
chr15	28	10	23	11	4	7	4	9	25	7	14	14	17	8	14	12	8	7	10	8	8	6	6	3	5	2	2	6	9	2	7	7	23	4	15	13	10	3	3	6	12	5	4	9	9	10	7	11	13	3	12	20	11	7	2	7	13	8	10	7	13	7	10	8
chr15	17	7	9	21	7	5	4	9	4	11	4	14	15	14	7	24	16	5	6	14	10	9	3	11	5	4	3	5	13	11	1	15	5	1	7	3	8	5	3	7	4	2	4	5	14	4	6	9	16	12	11	23	16	14	7	12	3	6	4	9	20	20	8	27
chr15	14	8	12	8	13	10	26	4	14	8	8	12	5	5	7	3	13	16	9	4	13	7	14	3	18	17	18	10	4	5	8	7	13	20	17	5	8	13	13	11	17	9	3	6	5	14	8	7	2	9	4	4	8	7	10	6	6	11	6	6	4	7	6	10
chr15	12	8	8	20	11	4	4	10	9	5	7	10	14	11	10	23	13	5	9	12	8	5	2	6	6	1	3	7	8	11	5	12	6	7	9	10	6	7	3	5	6	7	4	8	5	7	6	17	17	9	5	16	14	6	8	15	11	8	11	10	20	13	19	24
chr15	25	11	15	12	11	6	9	6	7	6	12	8	19	9	12	10	13	3	8	13	7	5	8	6	9	12	3	8	5	13	10	8	15	6	3	9	11	8	8	11	9	8	8	6	12	6	13	4	10	12	7	16	8	7	7	13	8	12	8	13	9	7	6	9
chr15	8	14	6	13	17	30	6	6	6	14	8	8	9	9	5	4	23	29	19	9	33	15	8	28	4	9	4	4	5	24	10	6	5	7	6	3	18	16	2	5	7	9	2	2	3	3	7	4	5	9	4	2	12	23	5	6	4	9	7	3	3	10	1	3
chr15	32	6	13	14	15	4	6	11	10	13	8	7	12	7	9	18	16	9	6	12	7	5	4	7	5	5	5	4	9	9	7	14	10	9	4	10	11	4	4	7	11	3	5	8	7	7	2	10	7	12	14	10	10	10	5	14	7	6	9	7	15	16	11	24
chr15	27	6	17	10	11	12	4	7	12	11	11	5	13	7	10	11	11	13	12	10	9	15	5	8	1	3	5	6	7	5	12	10	11	2	6	7	14	7	4	6	5	9	3	13	12	5	4	10	11	13	4	14	12	3	2	13	8	8	11	7	9	13	8	38
chr15	40	13	16	8	13	9	13	5	14	12	6	5	16	3	7	10	12	10	6	8	6	5	13	3	8	7	13	11	5	3	4	9	14	9	5	11	11	6	11	8	12	10	6	9	13	6	9	5	11	8	10	9	6	7	2	5	5	7	11	8	4	8	11	28
chr15	14	5	10	4	13	9	6	11	7	6	8	8	10	9	11	10	6	15	7	16	8	8	11	5	6	12	8	14	6	10	10	10	4	9	6	10	12	8	13	11	6	14	6	7	10	5	21	8	9	10	6	10	11	7	9	9	10	12	11	15	9	12	6	9
chr15	21	10	5	16	5	3	7	14	11	4	6	7	21	11	10	22	5	3	7	15	3	2	5	2	5	4	4	8	8	7	10	11	11	7	4	13	9	3	4	8	4	6	4	11	7	9	11	13	15	9	12	21	13	4	5	12	15	10	11	14	21	7	19	14
chr15	27	7	10	12	5	7	8	7	12	10	10	3	14	9	12	11	5	8	7	10	7	6	8	5	6	15	8	8	3	8	11	12	19	4	11	13	10	8	13	14	14	7	18	8	5	4	9	4	6	8	7	11	8	5	8	8	15	13	10	3	10	8	9	17
chr15	18	10	17	8	10	19	8	5	11	10	5	13	9	11	10	7	12	18	12	8	23	13	16	4	9	20	15	7	3	2	4	5	17	9	1	15	10	15	19	1	9	10	6	8	11	8	8	5	6	5	9	6	7	9	8	4	13	5	7	4	3	7	7	4
chr15	9	10	9	14	13	8	4	11	7	9	5	8	18	10	11	19	12	8	6	8	4	5	5	8	8	2	5	6	5	5	6	22	8	7	6	10	9	2	3	8	4	8	1	7	12	4	6	11	13	11	8	26	8	8	8	11	12	3	9	12	23	16	13	31
chr15	9	10	9	8	10	12	4	8	7	3	8	12	15	10	9	19	8	10	5	17	12	5	7	10	8	4	4	5	6	5	4	17	13	7	6	12	8	4	1	3	12	4	5	11	10	10	15	8	6	7	11	16	10	13	9	11	11	5	14	15	9	18	17	17
chr15	9	6	8	13	4	4	6	11	11	10	6	6	14	10	17	12	4	6	14	11	12	12	7	8	5	8	6	5	6	7	13	15	12	4	7	13	11	15	4	10	8	8	5	12	7	4	6	10	11	9	4	16	9	8	7	12	12	14	16	3	13	15	9	18
chr15	5	9	11	8	9	2	11	2	10	3	18	18	15	4	20	12	8	2	4	11	4	0	1	2	5	4	6	5	2	0	6	3	7	7	14	15	6	3	6	1	18	6	21	31	30	7	19	12	13	6	20	17	6	2	2	6	10	3	31	14	9	5	13	18
chr15	15	7	10	9	8	5	9	9	10	7	12	11	7	6	12	13	6	6	15	9	5	10	7	7	12	5	7	10	6	7	6	12	14	8	10	10	9	8	13	8	8	16	7	7	9	5	12	14	6	10	5	10	13	6	5	7	12	10	13	12	9	13	17	12
chr15	21	5	22	15	12	3	4	8	26	10	10	10	12	9	13	15	15	5	7	7	7	3	3	3	9	1	4	5	5	4	12	9	22	7	21	9	8	5	4	8	18	7	10	4	12	8	4	6	5	10	6	17	7	5	8	11	7	7	15	11	9	10	11	12
chr16	0	6	4	9	6	4	9	12	6	13	2	22	8	7	6	10	7	11	12	12	9	7	1	17	3	8	3	5	9	7	25	12	5	6	5	6	17	9	1	13	5	6	0	15	15	16	12	10	7	8	21	4	10	14	8	12	8	13	21	11	8	14	10	16
chr16	34	11	16	7	16	10	14	7	23	9	11	8	17	5	14	7	10	13	8	8	10	3	6	5	10	6	9	9	10	6	7	3	13	13	20	8	8	4	9	10	12	9	8	5	12	5	2	8	10	10	7	20	5	7	5	4	9	7	6	5	8	5	4	8
chr16	3	7	4	11	3	11	2	3	8	7	22	5	16	3	6	16	5	1	5	16	12	4	3	6	4	0	2	3	0	2	16	3	11	6	25	8	8	5	3	10	21	10	9	22	7	4	13	37	7	5	8	6	4	5	1	2	17	9	29	30	3	3	50	11
chr16	29	19	11	18	21	8	13	12	8	10	10	7	13	7	14	10	15	18	9	7	9	2	5	2	13	5	3	9	11	4	4	9	14	6	9	6	13	4	6	7	9	6	5	6	13	3	4	9	19	10	6	14	6	4	6	7	5	9	8	7	12	9	7	14
chr16	31	12	10	8	8	9	9	6	7	16	7	12	8	8	8	6	12	7	15	10	8	5	7	7	7	8	12	12	3	4	9	10	14	6	6	1	20	7	12	9	8	16	9	7	12	6	11	12	4	7	11	10	8	7	11	4	5	8	12	10	9	12	7	16
chr16	30	15	14	8	10	9	12	8	13	8	12	4	14	8	10	7	8	10	12	13	10	6	16	6	11	12	8	10	5	8	4	7	17	10	6	7	14	15	7	5	9	14	15	7	10	6	9	3	12	4	5	11	9	8	6	5	7	7	10	7	3	6	8	8
chr16	35	5	21	15	7	5	11	2	20	11	7	12	9	5	8	8	13	8	9	2	2	1	6	8	10	14	5	7	4	4	4	13	16	10	12	11	13	4	10	12	12	10	20	5	4	4	15	8	11	2	8	2	10	7	9	4	7	4	15	7	6	17	6	26
chr16	21	6	10	11	8	5	6	7	8	1	8	9	12	8	13	14	5	8	7	10	6	14	8	10	1	12	8	4	5	14	10	13	8	2	6	11	6	12	4	7	9	6	7	12	16	5	15	5	14	10	3	15	10	7	7	18	9	10	11	16	9	15	8	23
chr16	10	14	6	14	12	8	10	5	9	14	7	4	9	12	15	10	13	4	12	11	11	8	7	11	9	5	4	12	9	5	7	13	11	9	9	8	7	13	5	6	8	5	11	8	12	8	5	8	10	8	7	14	10	8	8	12	11	7	10	9	8	13	10	20
chr16	21	12	5	12	6	17	6	9	4	6	6	5	11	10	8	19	8	13	10	15	15	11	13	12	6	12	3	11	3	11	13	9	10	4	4	5	15	14	3	6	4	3	2	5	9	3	7	12	12	9	2	16	9	9	10	9	9	17	3	10	16	13	11	15
chr16	13	20	8	18	21	12	9	9	13	10	2	8	12	10	6	10	23	14	13	1	13	15	6	11	5	7	4	8	10	11	5	17	13	4	4	8	7	7	3	10	3	5	0	3	6	4	3	12	10	14	8	11	10	11	6	12	8	5	5	6	15	14	10	17
chr16	11	6	11	14	6	8	7	5	15	8	6	6	15	11	11	13	14	7	8	8	11	16	9	5	5	4	11	11	8	8	7	8	10	6	7	8	12	6	6	9	7	11	7	9	9	9	5	12	7	7	10	20	8	11	9	12	4	10	10	9	12	11	10	22
chr16	16	10	7	13	11	7	6	8	10	8	11	6	7	8	7	12	12	5	8	6	1	4	11	10	6	5	14	10	10	5	11	16	12	8	9	5	13	10	10	11	13	12	9	9	7	7	11	8	6	9	11	10	6	5	8	13	6	19	9	8	11	12	13	17
chr16	27	8	10	16	20	9	4	10	11	9	11	5	19	10	5	10	16	12	12	15	12	14	6	8	5	6	2	11	6	9	2	17	9	9	6	4	10	7	6	3	8	6	5	3	5	7	2	8	9	14	7	9	13	10	8	13	4	5	4	3	9	18	7	30
chr16	15	4	8	9	7	5	8	13	12	11	8	8	8	12	9	10	9	9	11	13	6	5	5	4	4	7	4	12	8	8	13	13	7	6	10	7	18	3	5	15	6	7	7	8	14	10	12	11	5	14	9	10	11	7	9	10	8	16	9	19	8	7	18	14
chr16	18	16	19	10	10	10	7	11	8	10	11	8	9	8	8	10	21	10	4	7	12	14	9	9	6	7	7	6	10	10	7	11	15	3	3	10	10	8	5	9	11	7	10	7	9	5	6	9	8	9	11	8	10	12	5	9	6	8	7	8	8	13	8	18
chr16	7	18	8	8	7	27	6	49	2	16	9	19	1	3	9	2	20	26	23	5	40	0	3	0	6	0	0	7	40	9	12	1	8	12	3	1	18	6	4	13	7	0	0	3	10	6	13	0	6	33	12	1	9	10	0	1	9	25	1	0	1	2	1	0
chr2	10	11	7	14	5	9	4	13	6	8	11	9	19	10	6	17	11	4	8	13	8	4	8	8	5	4	5	6	7	6	10	20	6	3	8	14	8	6	4	8	7	8	4	9	12	5	8	9	15	13	11	12	15	9	4	14	13	6	8	10	13	20	13	17
chr2	31	6	18	8	9	8	7	6	9	9	8	11	5	8	7	13	7	9	10	11	5	12	8	6	7	3	13	4	3	3	10	11	17	9	5	4	14	4	7	7	10	11	9	13	9	7	10	13	9	6	4	10	9	7	5	8	9	9	12	11	12	11	14	28
chr2	27	15	14	7	16	11	5	15	9	15	2	7	16	8	3	8	20	14	9	9	14	19	9	8	5	10	8	5	13	10	9	10	7	7	4	1	11	10	10	11	2	11	1	2	7	8	3	7	9	11	6	18	11	10	4	8	3	6	5	11	8	8	9	19
chr2	20	17	14	10	16	12	15	10	7	8	11	6	22	12	9	10	18	10	3	18	16	10	7	5	12	13	8	7	5	5	7	6	14	11	9	7	8	9	12	7	10	11	7	2	10	2	4	5	8	15	6	18	9	7	6	1	12	4	4	6	11	4	6	4
chr2	9	8	12	13	11	7	8	10	9	11	8	9	7	9	9	11	18	10	10	8	14	7	10	5	9	15	13	4	6	7	10	7	9	13	9	9	10	13	15	11	12	9	7	13	6	8	10	8	6	5	5	6	11	9	8	5	10	14	13	6	3	9	14	8
chr2	11	6	7	6	5	13	6	6	4	15	9	10	4	11	6	13	4	9	11	15	8	17	15	7	8	9	7	6	2	3	19	6	9	9	10	7	16	12	7	9	8	12	12	13	13	9	8	14	6	6	10	6	10	5	2	9	15	8	17	15	9	3	22	9
chr2	34	15	6	16	7	15	9	5	8	5	5	6	10	12	7	15	17	9	7	11	10	6	7	10	6	9	6	9	2	11	11	14	11	6	6	5	11	7	8	8	8	8	5	3	8	3	5	6	8	6	5	12	16	5	6	15	6	12	8	4	12	16	7	32
chr2	10	22	12	6	23	18	5	5	6	21	7	11	4	5	9	7	29	15	22	9	27	13	8	11	5	10	4	2	4	9	11	7	10	5	6	6	17	20	4	7	9	8	7	4	6	6	5	8	1	9	5	4	8	8	3	8	7	10	10	8	5	7	10	10
chr2	3	4	5	5	4	2	1	2	6	13	8	6	3	0	6	8	0	1	8	6	3	1	0	8	0	4	2	1	0	2	17	33	7	1	14	5	8	6	6	40	5	5	5	7	11	1	26	45	7	3	6	1	0	3	0	1	16	38	7	70	3	1	82	6
chr2	17	14	15	17	17	10	10	10	18	12	7	8	15	8	11	15	18	9	10	14	12	8	4	6	9	4	5	5	10	5	6	5	17	10	15	6	11	6	4	6	9	5	3	8	9	4	8	5	11	14	5	12	11	6	5	3	12	7	10	5	8	8	9	12
chr2	13	3	7	14	7	4	3	9	4	5	1	9	17	38	8	39	4	5	7	43	5	1	3	5	6	6	0	9	7	7	5	7	8	1	0	6	4	5	4	3	2	2	0	1	12	9	1	11	12	14	5	39	43	4	10	9	4	3	4	14	34	12	11	10
chr2	47	11	19	11	8	6	8	9	14	11	4	11	19	8	10	20	15	4	9	11	10	3	3	8	6	9	3	5	11	6	5	6	17	6	7	7	5	8	7	7	6	4	7	5	11	5	4	6	9	10	5	28	16	7	5	4	11	4	8	5	11	13	9	11
chr2	5	6	5	11	7	7	8	8	5	5	12	11	10	13	10	13	8	3	10	17	9	6	4	8	7	5	5	15	6	12	5	18	6	11	6	8	9	3	7	9	7	6	6	12	8	12	10	12	8	10	11	10	13	11	13	16	12	12	9	4	15	16	12	20
chr2	14	10	14	8	8	8	8	10	2	12	5	14	10	3	11	12	8	10	7	14	9	7	1	11	4	7	7	12	7	9	10	14	9	6	3	4	16	7	12	7	5	9	5	10	15	8	12	10	15	8	9	10	6	6	9	11	11	14	13	9	10	12	14	17
chr2	22	4	11	14	11	3	6	9	16	7	4	10	37	6	15	13	10	4	11	16	5	4	11	4	4	11	6	7	9	8	7	3	12	7	5	9	15	10	7	9	6	7	2	7	13	3	6	8	7	13	11	32	10	7	4	5	7	16	10	6	4	9	11	12
chr2	11	7	15	9	11	9	7	12	25	8	11	6	17	11	9	14	9	13	16	11	16	2	3	10	3	2	3	8	7	8	11	6	11	9	10	17	11	11	3	5	8	7	0	7	9	2	6	13	11	11	9	14	11	9	3	5	10	13	8	9	12	7	14	13
chr3	38	13	12	12	13	11	6	9	11	13	11	11	11	7	14	14	14	15	17	10	17	5	5	9	10	1	2	2	5	6	7	8	15	4	7	16	15	11	3	3	7	6	3	6	10	6	6	4	8	7	10	8	11	9	1	5	13	12	7	7	7	7	12	13
chr3	16	16	15	14	19	4	3	6	21	6	11	11	17	16	10	15	20	5	14	12	6	5	4	6	4	11	4	2	3	10	5	8	12	6	12	17	12	4	5	6	15	6	3	2	7	6	5	7	13	5	8	15	14	8	9	8	7	4	8	10	14	6	10	15
chr3	15	10	12	14	10	8	14	4	9	7	7	8	13	2	13	16	13	8	3	12	11	8	7	6	5	16	9	8	7	7	5	11	11	10	6	8	7	10	10	10	10	6	4	5	7	11	7	9	12	8	9	10	8	6	7	10	11	8	5	14	12	11	13	25
chr3	30	14	12	10	10	13	11	6	10	8	8	7	18	7	6	12	14	9	8	5	16	14	9	7	8	11	4	5	7	9	5	14	11	6	6	7	6	12	3	12	9	8	8	3	10	3	3	10	11	11	6	21	5	7	5	10	3	6	8	11	14	8	14	14
chr3	8	11	10	10	9	8	7	12	10	9	5	14	11	14	10	11	14	9	5	14	10	6	4	9	6	2	2	10	13	11	7	16	11	4	6	8	7	6	3	9	7	5	3	5	14	10	8	11	6	12	16	14	17	9	6	17	6	9	10	14	10	14	14	10
chr3	20	7	9	14	9	7	6	5	6	5	4	14	9	8	10	17	8	5	5	8	7	6	6	7	9	6	8	3	9	8	8	14	11	8	6	10	5	6	9	7	9	3	6	8	6	5	10	18	10	7	9	12	5	7	5	20	11	13	8	14	14	16	18	35
chr3	7	6	10	16	3	4	5	6	9	9	2	12	11	16	10	18	11	4	8	16	11	10	1	2	4	8	7	8	8	5	12	14	11	3	3	7	6	4	5	16	3	5	5	8	10	19	3	14	10	5	11	16	20	6	16	15	8	9	7	17	13	17	16	17
chr3	9	10	10	7	11	10	11	4	5	10	9	8	3	10	17	6	11	10	6	14	10	2	12	10	10	10	11	8	6	10	11	11	12	8	9	8	10	13	4	9	9	8	8	16	11	15	7	10	4	8	8	7	10	9	12	15	13	8	13	11	6	11	10	4
chr3	32	17	15	9	11	6	14	10	15	4	8	5	15	6	9	10	13	11	8	9	12	2	3	5	9	9	4	10	6	10	13	6	15	6	5	9	14	5	10	7	8	5	4	7	9	6	8	9	13	7	4	13	4	9	5	13	4	17	8	10	7	9	9	23
chr3	10	8	8	12	11	11	8	8	10	11	6	3	12	11	14	15	13	13	8	8	11	4	7	7	13	6	7	8	9	10	9	6	11	12	6	21	10	7	10	7	12	5	13	10	4	8	6	7	4	5	8	11	10	7	9	12	15	12	13	4	3	9	15	15
chr3	17	15	8	9	13	12	7	14	10	11	5	8	20	12	4	18	15	10	12	18	15	1	4	5	4	2	6	5	13	8	5	11	4	4	7	11	13	4	2	5	3	5	4	6	8	3	5	10	13	17	7	16	14	8	4	13	9	6	3	7	12	16	11	31
chr4	9	8	14	11	1	8	9	12	12	7	6	5	4	13	4	17	15	9	6	12	9	9	7	15	4	9	10	6	3	12	9	19	10	7	7	6	17	6	8	6	9	8	4	7	4	8	7	8	8	6	3	9	16	17	5	10	5	13	8	9	14	15	15	29
chr4	10	7	6	12	9	4	7	9	4	8	3	12	11	5	17	21	6	6	14	6	9	4	9	8	5	11	4	11	5	5	5	15	4	7	2	12	7	14	6	7	3	6	3	7	21	6	7	15	14	9	5	25	7	8	9	6	13	9	9	19	16	14	21	19
chr4	4	3	12	11	0	5	18	5	20	5	19	13	12	2	27	0	2	5	1	2	5	0	2	2	14	1	1	12	2	1	7	6	16	13	30	21	2	2	8	9	24	14	15	21	22	0	22	17	8	8	14	7	3	2	0	0	22	1	39	15	0	2	21	1
chr4	35	12	20	26	14	7	6	5	16	8	9	7	21	4	13	18	11	6	7	8	7	2	2	4	7	2	3	7	8	3	6	6	25	6	10	13	6	2	5	5	11	2	9	8	5	6	12	3	22	8	3	9	5	5	6	9	19	6	9	4	8	12	7	28
chr4	7	11	7	11	6	8	5	14	4	8	2	4	11	15	11	14	12	6	4	15	15	11	6	14	8	3	3	7	6	13	16	19	10	6	2	6	6	11	3	12	2	6	3	7	11	5	12	7	7	9	5	19	10	16	7	14	10	15	10	17	12	14	14	14
chr4	7	17	20	9	8	4	7	18	12	11	3	34	6	7	6	6	13	7	9	3	5	0	2	1	6	2	2	5	7	3	16	8	27	7	12	11	5	3	1	10	9	2	5	14	17	12	10	24	7	6	19	2	14	1	5	4	30	4	20	10	4	2	32	5
chr4	38	5	17	13	6	7	4	8	11	5	11	8	11	6	15	21	10	7	8	9	6	5	4	7	8	2	4	7	7	5	6	10	13	8	7	10	10	5	4	8	11	11	10	6	7	8	7	11	12	5	3	21	12	4	9	5	9	9	13	12	16	11	15	15
chr4	9	5	7	16	8	6	2	10	6	6	0	7	11	21	14	27	12	6	4	21	5	3	6	10	5	3	1	4	8	11	11	15	5	9	4	13	5	0	1	10	6	1	3	3	6	8	6	13	10	7	4	23	25	15	4	15	14	6	9	19	19	19	17	19
chr4	22	14	12	15	9	7	6	8	9	6	13	11	10	12	10	19	8	12	10	10	12	5	7	10	5	3	3	7	8	12	8	7	12	1	6	10	6	5	1	6	8	2	7	13	15	10	7	9	21	3	11	16	13	17	4	11	7	7	7	10	18	11	6	8
chr4	11	9	17	11	8	10	7	7	19	11	13	5	11	6	13	4	19	8	11	2	10	10	15	7	2	16	7	8	4	11	9	7	14	5	15	12	12	16	8	10	14	10	20	7	9	4	13	3	4	10	5	9	10	6	4	7	11	9	11	9	3	6	5	9
chr4	30	25	8	14	18	7	6	9	13	7	3	10	22	8	13	15	18	7	3	7	8	5	5	9	4	5	3	6	5	5	9	14	12	3	11	15	1	4	5	9	5	3	2	4	9	4	5	10	17	5	11	22	8	11	2	7	18	4	6	8	19	11	9	17
chr4	14	20	23	13	8	14	7	15	15	3	14	15	16	18	6	10	20	12	0	18	23	0	1	8	9	0	3	0	18	0	17	3	35	2	7	7	10	10	0	4	16	8	0	4	5	7	10	2	1	10	17	12	9	7	4	11	11	14	11	5	1	6	8	1
chr4	16	19	26	11	7	15	6	13	16	4	14	17	15	18	6	9	19	9	0	19	18	0	2	9	11	0	3	0	22	0	16	3	35	3	5	8	12	8	0	7	15	7	0	3	5	9	10	1	2	10	20	10	10	6	5	12	10	16	8	5	0	6	7	0
chr4	9	6	12	12	7	7	5	10	11	9	9	7	13	13	8	20	13	8	9	11	8	3	5	9	4	6	2	10	10	9	10	10	9	6	8	14	13	10	7	3	10	4	5	5	9	4	10	9	8	9	7	17	14	5	5	17	12	14	8	10	9	14	16	22
chr4	7	3	5	11	5	5	3	5	3	9	9	16	5	12	8	12	5	4	5	6	2	5	16	5	13	14	11	8	1	5	15	9	12	5	10	9	10	12	18	10	14	15	7	11	19	6	14	15	2	6	16	11	3	6	9	10	6	12	20	19	10	5	20	14
chr4	16	8	16	17	9	2	9	11	9	6	5	13	11	7	13	12	15	4	5	6	6	6	7	5	11	5	9	6	11	5	9	9	13	7	4	10	8	6	7	8	7	9	1	5	12	6	8	12	13	12	8	10	7	9	9	10	7	9	7	14	9	17	7	44
chr4	39	13	20	15	7	5	14	3	18	6	14	12	13	5	14	5	13	3	5	6	3	5	8	7	8	7	11	8	6	1	5	7	25	7	10	12	12	6	7	6	16	9	12	8	12	8	11	5	10	6	15	4	5	7	5	4	12	9	8	8	4	7	7	15
chr4	12	11	9	13	10	8	2	16	7	7	8	10	15	7	16	21	9	7	6	15	7	5	3	10	4	2	1	4	13	6	12	12	4	7	8	15	3	5	3	9	3	3	2	8	11	6	15	6	20	11	9	16	17	7	3	7	20	8	6	16	17	15	7	23
chr4	17	11	7	15	12	7	3	12	11	4	7	15	14	10	9	20	14	6	4	12	3	8	8	10	5	3	3	6	9	10	6	13	9	6	10	12	4	9	0	3	7	4	3	5	13	9	12	8	10	12	16	14	17	5	6	12	14	5	6	16	16	11	14	16
chr4	26	12	8	8	13	4	4	8	4	10	8	3	5	4	10	10	8	12	6	10	6	11	8	13	2	4	10	10	5	7	10	16	12	0	4	6	12	9	8	7	8	8	9	11	9	6	14	14	9	5	7	5	5	14	6	10	8	14	9	19	7	18	16	34
chr4	13	8	14	7	16	3	8	10	14	8	9	7	15	8	15	10	8	13	6	11	2	5	6	9	6	9	11	4	8	4	13	11	11	4	13	11	12	8	11	8	15	5	10	9	11	7	4	9	9	12	5	20	8	6	5	9	4	17	9	11	12	9	9	14
chr4	1	6	1	4	11	21	16	6	0	6	0	11	9	23	2	3	10	26	13	17	14	5	3	23	7	0	6	22	1	14	16	26	0	7	0	1	18	2	3	8	1	6	0	0	17	11	2	12	0	15	3	15	23	17	13	20	0	19	1	10	6	25	10	10
chr4	0	6	0	5	12	21	21	5	0	4	0	7	10	29	3	2	11	30	12	21	17	4	5	22	5	2	5	24	3	20	16	19	0	5	0	2	17	3	0	9	0	4	0	1	17	14	0	9	0	17	0	16	28	20	10	22	2	19	0	8	3	17	10	4
chr4	8	12	11	14	21	7	11	8	12	4	3	8	17	11	20	13	14	13	6	17	8	4	4	8	3	5	6	5	13	6	11	12	7	6	5	15	11	9	0	10	9	8	5	6	9	7	8	4	16	16	5	14	10	4	4	16	9	13	14	9	13	10	6	5
chr4	41	11	11	18	13	9	6	11	16	6	2	8	18	11	8	14	10	9	7	9	7	6	10	5	6	9	8	7	6	3	8	11	18	7	9	6	9	6	8	6	9	4	3	5	11	1	9	7	12	11	5	18	6	7	6	6	9	10	8	9	11	10	11	17
chr4	8	11	6	12	14	16	8	6	10	14	7	5	15	6	7	11	12	16	10	11	17	18	11	12	8	10	5	15	8	11	4	7	9	5	9	4	10	14	10	6	4	7	3	7	10	9	7	7	8	12	11	11	8	11	9	6	5	9	6	6	9	8	8	19
chr4	13	9	11	12	11	9	8	10	6	10	8	10	22	8	11	12	16	9	13	12	8	7	5	11	5	5	5	5	5	10	8	13	4	7	2	8	17	7	3	5	3	7	6	7	13	9	3	9	12	13	8	21	15	8	4	10	7	9	4	12	14	10	10	24
chr4	18	6	10	13	10	7	5	5	10	11	7	6	7	7	16	9	13	6	9	11	11	4	6	12	4	4	14	5	3	8	6	15	9	6	6	10	8	13	7	9	9	9	8	12	12	7	9	14	7	9	9	6	10	9	9	6	8	12	9	19	9	12	17	21
chr4	19	14	11	18	8	7	2	14	10	9	3	12	9	8	10	20	11	8	6	9	11	4	5	8	4	5	6	1	7	7	10	21	11	5	8	7	5	9	5	9	6	7	1	3	11	5	5	9	20	4	9	13	10	8	4	14	11	7	7	15	19	16	15	23
chr4	4	10	11	6	13	8	10	4	22	21	14	18	10	4	5	3	10	8	32	11	11	5	0	11	7	1	6	5	1	11	8	5	15	10	15	4	20	3	5	3	9	7	4	17	14	12	14	14	2	7	17	2	17	11	4	7	6	2	13	14	3	11	8	13
chr4	20	10	16	8	10	10	10	9	13	8	4	8	11	8	16	14	9	11	5	7	8	7	3	5	12	5	4	8	7	5	9	12	18	7	6	17	9	2	10	8	8	7	5	7	13	5	12	5	7	11	6	17	5	4	6	11	15	10	14	12	9	8	14	18
chr4	14	12	11	11	9	5	12	11	13	8	5	9	11	10	13	11	16	5	10	6	8	2	4	8	8	7	6	7	4	7	8	16	7	9	13	17	7	9	5	12	11	3	3	7	7	5	10	12	11	12	1	11	13	6	7	4	14	15	10	11	13	8	18	20
chr4	13	6	10	9	9	5	9	10	11	8	12	11	6	8	13	11	5	8	16	8	5	10	6	6	12	5	6	9	9	7	6	13	13	9	10	13	10	8	12	9	9	15	6	6	9	5	10	13	7	10	6	9	13	4	5	9	13	11	12	11	8	11	18	12
chr4	17	10	15	16	11	14	6	23	14	9	8	14	10	4	13	8	18	19	6	3	23	2	6	1	10	2	4	3	19	7	13	7	17	7	14	7	8	6	2	14	14	5	5	3	10	7	6	4	7	18	9	9	4	10	5	8	7	14	10	7	4	9	6	7
chr5	7	11	9	15	14	3	9	7	6	10	10	13	20	3	7	22	11	6	11	11	12	5	6	3	4	6	9	3	4	8	6	9	6	3	8	9	9	8	3	6	11	7	9	9	17	7	4	13	17	13	12	17	4	10	4	11	5	3	8	16	18	11	15	25
chr5	15	11	14	6	10	8	6	4	4	10	12	11	13	11	3	10	11	7	10	9	9	9	10	6	9	8	7	14	6	6	12	11	10	6	6	8	10	10	7	12	6	12	10	10	12	9	8	10	10	4	7	14	8	7	15	13	11	8	9	4	4	17	10	19
chr5	21	11	13	13	13	6	6	6	10	9	8	11	14	8	8	12	14	5	8	6	6	6	6	6	9	8	10	11	8	6	10	7	13	6	12	11	6	7	15	16	11	11	10	6	7	6	15	6	10	9	5	12	8	5	11	3	12	15	10	6	8	7	10	14
chr5	12	8	10	10	10	2	12	4	9	7	5	8	8	8	13	13	11	7	9	9	9	9	7	2	7	4	7	13	4	7	7	5	8	5	4	12	9	6	6	5	6	6	13	17	13	9	14	18	9	8	6	11	8	10	6	12	7	9	17	16	9	13	14	36
chr5	13	17	9	18	13	11	6	15	5	17	4	6	12	19	12	9	27	12	16	12	16	7	5	15	5	8	1	2	15	17	10	9	9	1	5	3	16	7	4	13	2	6	2	4	9	4	6	1	7	16	2	19	22	18	1	8	6	9	7	8	8	9	2	1
chr5	8	7	9	7	8	4	11	9	11	15	4	7	8	11	7	7	5	10	16	10	10	5	12	3	14	15	6	16	5	13	13	5	8	9	6	9	14	13	17	14	2	8	8	13	11	7	13	13	10	6	6	7	9	8	11	10	5	20	13	8	4	7	13	5
chr5	11	9	15	9	12	8	2	9	11	6	8	10	18	7	19	4	9	9	6	12	6	1	6	5	8	8	7	0	11	7	15	10	16	3	7	13	11	4	8	16	9	8	7	10	4	10	14	13	8	10	7	14	7	5	7	13	11	17	12	22	6	8	13	7
chr5	12	6	5	9	11	12	9	10	7	8	4	17	9	12	7	10	8	16	14	13	13	5	7	9	3	4	7	11	12	5	8	12	5	9	7	2	9	6	4	5	7	5	6	8	10	11	7	19	7	11	10	14	18	10	5	13	6	7	9	12	11	18	12	20
chr5	17	13	4	20	12	18	3	7	3	12	7	2	19	15	11	16	19	12	11	12	19	3	4	11	5	4	2	10	4	6	9	17	6	6	3	9	10	6	5	7	1	7	2	4	9	7	8	5	12	9	6	20	13	10	8	11	15	5	3	14	15	14	9	12
chr5	16	8	12	15	9	4	3	13	10	6	7	9	14	8	5	16	7	5	6	7	5	10	6	10	5	3	7	3	9	11	12	18	15	4	8	7	4	6	4	9	10	5	10	6	10	3	4	14	13	12	6	14	7	11	5	18	9	9	7	13	12	19	17	28
chr5	15	16	12	12	11	13	9	15	11	10	4	8	10	8	7	10	20	9	9	10	14	4	7	7	8	4	4	15	10	9	8	10	12	5	7	8	8	5	5	8	6	6	4	12	8	12	6	13	8	18	5	5	15	10	10	7	8	6	15	4	8	13	12	10
chr5	11	16	10	15	17	17	9	10	15	11	11	4	17	8	7	10	23	9	15	9	17	5	3	10	6	2	2	11	5	4	8	11	10	11	9	10	12	3	3	4	11	5	7	13	8	5	9	10	8	17	7	8	10	9	6	4	8	4	17	4	10	12	9	7
chr5	6	11	8	7	11	4	10	8	4	15	4	4	6	14	10	5	14	11	8	18	15	4	7	11	5	20	11	9	7	8	22	11	6	5	5	4	13	19	20	21	6	16	7	8	7	8	9	2	6	6	6	5	12	10	9	8	5	22	15	5	3	9	6	7
chr5	1	5	10	8	2	5	11	11	14	8	4	13	3	8	15	7	7	4	4	8	4	5	4	8	8	5	2	4	9	8	22	19	16	12	13	9	10	3	1	18	13	9	7	8	7	7	16	15	0	8	12	8	7	8	3	21	15	10	24	20	9	17	16	10
chr5	6	5	13	6	5	5	4	6	17	11	12	16	6	10	15	16	4	3	6	19	7	2	1	9	6	4	8	7	7	7	10	6	14	5	20	10	6	4	12	4	15	6	6	13	18	8	12	14	6	7	17	12	14	8	8	10	11	6	14	16	11	15	10	7
chr5	6	7	9	12	9	9	7	9	11	5	8	10	18	8	12	13	16	11	6	13	7	6	5	12	5	7	5	4	10	18	7	12	4	3	6	11	12	6	3	8	4	5	3	12	11	8	6	12	8	14	13	15	18	9	6	18	4	12	8	11	10	17	10	14
chr6	12	6	8	16	6	10	5	4	8	8	7	10	15	7	16	15	8	5	7	3	5	4	5	8	8	4	6	9	11	7	3	8	11	5	10	8	8	3	10	10	7	5	6	10	12	6	17	13	11	9	7	26	4	5	7	7	11	14	9	19	15	3	17	39
chr6	54	8	24	13	11	6	9	6	18	11	16	5	11	6	7	7	12	7	9	8	11	8	3	6	2	4	11	4	4	8	5	11	24	10	8	5	12	6	7	4	18	9	19	8	9	2	7	7	8	7	9	5	2	8	3	12	9	5	8	8	5	9	11	9
chr6	12	9	15	13	7	7	5	5	9	9	10	8	12	4	9	11	11	4	5	6	4	6	10	10	2	8	6	9	3	5	13	17	16	2	7	3	9	8	6	13	9	7	14	9	11	6	12	18	10	9	9	14	6	9	4	10	8	12	8	21	16	14	15	19
chr6	17	13	12	8	7	8	9	8	2	10	9	5	9	5	13	9	17	4	7	10	12	11	6	12	8	14	3	8	4	18	9	22	10	5	1	6	11	6	10	11	2	6	3	9	12	7	1	12	6	10	6	13	8	16	8	22	10	8	5	10	9	24	10	12
chr6	14	14	14	11	15	12	5	11	15	11	6	11	12	13	13	15	18	9	13	17	18	3	5	3	6	2	5	6	9	6	3	10	8	8	10	14	8	9	6	8	7	10	6	7	9	3	9	6	13	11	6	12	16	5	3	6	12	8	13	3	12	8	11	6
chr6	4	6	6	8	6	8	13	8	4	7	5	5	8	6	7	10	5	10	9	5	9	6	17	3	16	23	17	11	2	10	9	15	8	11	4	12	9	13	19	19	9	12	8	12	5	9	15	8	7	8	2	6	5	8	18	6	6	18	11	9	7	13	13	10
chr6	16	9	13	11	11	5	6	6	12	11	7	6	10	7	19	16	14	4	6	13	7	5	6	7	5	6	7	5	10	4	10	9	14	9	3	13	10	12	5	11	12	7	9	14	6	7	9	9	5	6	14	15	9	3	6	9	11	14	19	6	14	9	12	13
chr7	20	13	7	27	14	5	4	11	7	2	7	13	17	13	18	17	14	4	4	14	9	1	0	5	8	1	3	1	16	7	4	5	11	6	9	7	5	4	2	5	5	5	2	9	12	1	13	15	22	11	9	17	8	5	7	11	13	8	8	19	14	10	13	21
chr7	19	12	14	24	11	4	5	15	13	10	4	10	16	14	10	10	13	7	6	7	6	10	5	7	10	2	3	4	11	10	7	15	17	5	8	4	4	5	2	5	5	1	5	7	13	5	5	9	20	11	9	15	12	9	7	17	6	3	6	10	15	16	3	25
chr7	18	11	20	12	7	11	12	6	16	10	15	5	7	9	15	8	13	13	15	8	15	2	5	6	9	9	9	4	4	3	8	6	19	7	8	13	15	11	7	7	8	12	14	12	11	8	14	3	11	5	4	6	12	4	7	2	14	9	8	15	4	5	8	4
chr7	7	9	3	6	8	16	14	9	5	6	9	3	5	6	10	4	9	18	12	10	15	8	13	8	11	17	10	14	4	8	13	9	5	16	4	7	15	12	19	12	8	21	7	7	4	8	16	9	4	5	4	2	11	8	6	5	7	14	17	13	2	8	12	11
chr7	19	7	10	23	6	6	5	3	16	2	4	13	24	16	10	19	6	6	3	15	5	2	5	13	6	4	3	4	9	8	7	11	19	4	7	7	9	6	1	5	4	3	0	4	5	3	2	19	15	3	15	25	10	11	6	14	11	12	4	7	20	14	15	28
chr7	12	16	6	10	16	6	5	11	7	10	6	11	9	6	11	21	13	5	9	13	5	7	4	5	4	5	2	9	8	4	6	19	12	7	7	4	13	4	5	6	7	3	5	5	9	5	8	11	7	10	12	20	6	4	6	15	12	10	7	8	22	16	12	39
chr7	24	15	16	17	8	13	8	7	8	8	9	12	10	11	8	14	22	7	10	5	14	16	5	11	9	5	2	2	7	7	7	14	14	7	5	10	10	5	1	5	10	4	5	7	10	5	4	7	12	7	6	10	12	12	4	12	9	4	10	5	8	18	9	20
chr7	6	5	7	13	11	6	9	5	6	6	6	10	10	11	11	12	10	10	4	14	6	5	15	9	11	24	8	7	8	9	7	5	7	12	8	4	11	17	16	7	7	11	12	8	9	9	9	11	8	4	9	13	10	7	10	8	7	10	12	13	6	7	15	15
chr7	15	16	9	14	13	11	10	4	9	6	6	9	38	8	8	13	9	11	8	13	13	11	1	9	4	3	7	8	2	2	7	11	11	5	7	8	10	7	5	3	10	8	4	1	12	1	6	5	19	6	6	32	6	5	6	6	8	8	6	6	11	12	7	43
chr7	22	9	13	13	9	2	3	15	8	11	6	11	7	8	6	8	14	8	8	5	11	6	8	6	7	9	5	6	10	20	8	19	11	2	9	0	8	11	5	15	4	10	10	5	6	7	7	11	10	10	5	11	7	12	11	21	3	9	8	9	13	16	8	23
chr7	22	2	8	13	2	3	8	4	8	8	7	8	6	8	16	9	6	1	9	4	2	6	13	6	10	9	10	14	4	10	9	14	10	5	9	11	9	8	11	7	8	7	6	9	10	9	10	17	7	9	5	11	7	10	11	20	9	10	7	16	12	21	7	31
chr7	19	20	15	12	18	10	10	12	10	9	9	9	11	9	8	6	18	9	8	7	8	4	5	6	12	5	10	6	7	11	10	8	13	13	9	8	7	5	9	8	13	6	10	6	12	6	7	7	16	9	5	7	8	4	9	10	8	9	6	11	7	5	9	15
chr7	8	7	5	7	6	8	9	6	7	7	7	10	7	14	7	12	5	5	10	13	10	6	9	12	11	17	18	7	4	5	10	11	4	10	8	14	6	18	21	6	10	13	14	11	12	7	9	8	10	7	8	5	11	6	14	6	8	14	9	8	7	11	13	10
chr7	11	17	10	24	22	13	7	9	13	7	7	4	16	9	12	19	24	13	13	11	14	6	4	11	4	3	6	2	12	12	6	5	11	8	3	9	8	4	3	8	6	8	6	8	8	2	2	6	16	13	5	13	17	12	1	7	8	5	9	4	10	14	6	12
chr7	21	18	16	12	14	21	5	12	17	8	3	9	11	9	5	10	19	7	10	12	14	17	10	16	13	6	1	6	7	15	12	7	17	12	5	9	11	5	4	6	3	1	0	5	10	6	3	7	10	16	6	2	9	14	7	7	10	10	5	6	6	7	11	5
chr7	23	9	17	11	12	2	3	7	12	5	14	9	12	13	8	8	17	5	8	9	5	2	4	4	3	7	2	6	2	10	6	20	11	3	9	9	10	5	4	7	10	6	17	5	7	8	13	8	9	6	6	12	12	6	7	20	8	8	5	16	12	14	10	40
chr7	3	6	7	5	10	6	16	9	6	12	8	5	14	8	8	13	8	7	11	9	8	3	6	6	8	16	12	12	8	9	8	10	4	13	10	11	9	6	16	12	12	8	11	9	7	6	11	11	5	15	3	18	8	8	11	8	12	7	9	9	12	12	10	18
chr7	18	10	11	4	6	4	4	8	9	7	12	8	8	4	12	13	8	4	5	8	6	4	3	12	3	1	4	12	4	13	7	18	10	5	12	10	8	7	6	8	14	10	14	13	11	9	13	13	8	3	8	15	5	10	7	14	11	11	21	13	11	10	23	15
chr7	25	15	11	12	7	10	8	18	13	12	3	5	10	14	7	7	17	9	11	11	22	4	5	3	4	9	3	3	14	10	11	13	11	8	7	7	5	11	1	16	2	2	3	12	5	4	9	9	10	11	4	9	14	9	5	11	14	10	9	7	5	11	13	18
chr7	11	8	19	13	6	5	11	8	11	9	17	9	19	6	8	14	8	4	5	9	8	0	2	6	11	6	4	8	9	4	9	7	17	8	8	7	9	3	10	5	11	8	12	12	17	10	6	9	15	10	14	18	3	8	6	10	7	4	10	13	11	7	12	24
chr7	16	9	14	12	12	12	4	18	12	13	17	11	6	7	14	12	10	9	23	8	17	0	3	2	8	1	1	8	15	5	12	5	16	16	7	11	13	5	8	12	14	9	7	5	8	5	11	6	9	11	9	8	8	5	3	6	16	15	10	6	8	5	10	0
chr8	17	8	8	11	11	6	6	9	9	10	3	9	14	8	7	10	13	7	14	12	18	11	3	13	7	8	2	6	5	22	10	22	8	5	5	7	11	9	4	11	4	6	2	2	10	10	3	3	6	12	4	9	6	19	10	26	6	11	7	9	2	21	12	19
chr8	13	8	10	13	7	9	3	10	11	14	4	6	9	10	9	12	15	9	12	10	12	16	9	12	6	5	1	7	8	13	8	24	5	6	8	12	11	9	2	16	3	7	4	2	2	7	8	7	11	6	5	5	16	15	6	15	11	12	7	9	7	22	14	13
chr8	10	13	12	11	11	6	10	10	9	9	7	9	9	13	8	10	19	10	7	13	14	7	6	12	4	13	5	8	7	10	14	10	10	4	7	8	12	16	4	7	4	7	10	6	10	8	9	6	7	10	8	8	12	10	10	12	13	10	5	10	7	13	7	12
chr8	26	14	10	8	13	4	8	11	9	4	7	10	9	16	5	10	14	7	9	14	7	4	3	7	3	7	3	11	3	10	8	18	13	6	3	5	8	6	1	7	6	4	8	11	16	7	12	9	5	9	8	13	15	8	12	14	9	7	11	12	7	16	14	24
chr8	11	4	8	9	2	6	9	6	6	3	10	8	9	6	12	20	9	4	4	10	10	11	4	13	6	5	6	5	3	5	29	13	5	5	13	10	6	7	4	23	9	6	7	8	9	8	2	16	7	10	2	18	8	14	5	8	12	26	7	15	16	16	17	13
chr8	40	7	14	16	9	6	4	5	6	11	9	4	14	8	6	26	13	6	3	17	2	5	2	12	4	3	3	4	3	7	2	19	12	2	5	6	11	5	2	7	8	4	7	8	12	4	6	6	12	9	8	15	17	5	6	7	7	6	8	12	15	16	19	41
chr8	10	6	7	12	10	9	9	5	6	6	9	5	10	7	20	9	13	13	2	15	9	10	9	10	2	12	7	14	9	5	7	8	5	5	7	7	14	13	9	4	7	8	9	13	10	10	18	11	7	9	10	12	11	6	8	10	9	14	12	17	9	12	7	10
chr8	17	13	13	5	15	14	9	12	11	7	9	6	5	10	12	8	16	22	9	12	18	6	11	4	12	12	1	12	6	3	11	12	12	9	8	10	17	11	15	5	4	8	5	3	4	6	5	10	3	6	3	9	9	8	2	11	12	20	5	4	6	11	13	11
chr8	29	10	16	24	8	8	2	7	18	4	9	5	14	9	17	20	12	7	3	14	10	3	2	5	3	7	1	5	6	4	6	10	20	2	10	10	12	5	6	2	10	6	7	4	10	3	8	10	18	6	8	12	6	4	6	12	11	8	10	17	14	12	14	17
chr8	15	9	21	13	13	9	2	7	17	11	9	10	14	3	18	4	16	7	8	8	8	4	4	7	6	3	5	4	8	8	15	7	15	7	11	10	10	3	8	12	13	9	11	13	4	9	12	13	12	8	6	8	8	7	5	12	7	10	21	11	8	12	4	6
chr8	14	14	8	5	11	11	13	10	6	4	6	6	15	4	6	9	11	8	3	12	9	7	5	20	9	7	8	7	12	9	13	16	2	7	6	8	6	12	4	11	3	10	4	11	8	7	10	13	14	16	5	10	8	11	9	9	5	12	10	14	9	17	12	17
chr8	7	17	6	10	10	15	7	6	5	8	6	5	10	19	11	13	13	7	8	17	15	5	4	11	7	2	8	7	5	15	13	10	7	6	4	14	7	3	5	7	11	2	1	7	11	11	3	12	13	8	6	13	13	12	8	19	8	10	6	17	14	7	14	17
chr8	4	32	1	1	8	36	8	40	7	1	6	4	0	9	8	10	20	17	3	15	28	0	11	5	7	0	11	1	20	9	19	5	13	13	8	7	1	0	0	0	5	0	3	20	10	10	6	9	1	31	6	4	18	7	0	8	22	0	8	10	12	5	7	8
chr8	21	4	21	17	13	3	3	7	27	9	11	9	13	8	14	15	16	5	7	9	9	3	3	3	8	2	4	3	5	4	13	8	20	7	21	11	8	6	3	9	17	8	11	5	10	8	3	6	6	10	7	13	7	6	7	11	7	7	15	10	8	11	9	14
chr9	10	5	8	14	10	4	3	10	10	11	3	11	13	11	8	17	9	6	13	12	13	7	4	10	6	3	2	5	10	20	6	17	10	7	5	7	9	5	2	8	6	6	3	6	14	7	7	7	8	9	9	16	8	18	7	25	6	4	13	13	6	20	15	21
chr9	14	10	10	14	7	7	6	14	4	7	7	10	8	7	9	10	12	9	6	9	11	9	10	14	7	11	6	11	6	13	19	9	15	5	8	6	8	17	6	7	7	8	7	5	9	9	6	10	7	10	4	5	10	11	14	12	15	12	7	8	3	18	8	15
chr9	15	8	14	17	11	8	9	4	11	4	8	7	8	15	7	17	12	13	6	18	11	10	6	4	6	11	7	7	2	9	7	11	16	4	7	4	8	5	12	6	11	7	11	10	8	12	10	4	10	7	3	8	19	8	4	15	3	9	13	10	10	10	11	20
chr9	17	8	21	7	11	2	5	6	20	11	14	8	14	6	21	9	11	6	10	7	4	1	1	2	4	3	6	8	5	0	7	3	12	7	17	19	17	4	10	4	13	12	10	7	13	3	27	9	13	2	5	17	3	1	5	3	18	9	12	29	5	3	13	18
chr9	26	11	12	10	8	2	10	11	20	6	12	9	12	4	7	13	5	4	6	11	4	7	2	11	10	4	8	4	8	4	9	16	16	8	19	7	7	10	9	8	14	11	9	7	11	4	14	4	12	8	10	8	7	5	5	8	6	13	11	13	7	13	13	15
chr9	14	14	8	15	12	7	6	10	16	5	6	14	19	16	9	14	11	6	7	13	8	2	2	3	9	6	3	2	10	6	11	12	15	8	10	15	5	1	1	14	10	3	1	7	7	7	7	10	11	7	16	15	12	5	11	12	12	7	11	8	14	11	11	18
chr9	21	7	13	15	11	6	4	7	14	10	5	10	19	4	19	20	9	8	10	12	7	4	3	5	9	4	2	1	4	3	5	12	16	8	10	17	14	5	5	5	7	7	3	3	5	3	11	13	10	5	6	18	7	4	4	7	20	8	10	18	11	13	21	21
chr9	9	13	8	7	9	5	8	5	6	16	20	7	5	18	3	11	10	2	22	14	10	3	2	10	2	5	6	6	6	10	10	16	11	7	13	7	14	8	3	11	19	4	14	15	9	3	13	7	7	5	5	9	15	9	6	16	11	12	12	4	6	15	13	11
chr9	0	0	13	0	0	0	0	13	43	44	2	31	0	0	8	1	0	1	27	0	0	0	0	0	0	0	1	0	4	0	24	16	13	0	53	9	15	0	0	31	30	1	2	19	30	0	6	14	0	12	27	0	13	0	1	0	2	1	47	0	4	14	13	13
chr9	0	0	14	0	0	0	0	14	43	44	1	26	0	0	5	1	0	0	27	0	0	0	0	0	0	1	1	0	3	0	30	14	14	0	50	6	13	0	1	33	27	0	2	26	26	0	12	15	0	14	23	0	14	0	1	0	0	2	51	0	9	15	6	14
