Chromosome	A	C	G	T
chr1	149	104	166	181
chr1	119	90	200	191
chr1	139	91	179	191
chr1	171	111	149	169
chr1	124	204	120	152
chr1	158	90	173	179
chr1	162	214	129	95
chr1	182	178	98	142
chr1	190	179	100	131
chr1	175	178	102	145
chr10	194	102	115	189
chr10	129	164	153	154
chr10	166	169	142	123
chr10	132	91	227	150
chr10	164	138	121	177
chr10	185	136	131	148
chr10	172	151	115	162
chr10	192	109	131	168
chr11	123	131	207	139
chr11	155	161	157	127
chr11	155	112	144	189
chr11	184	142	119	155
chr11	147	179	121	153
chr11	157	127	141	175
chr12	113	142	158	187
chr12	111	107	182	200
chr12	135	141	128	196
chr12	166	110	142	182
chr12	151	98	185	166
chr12	131	154	198	117
chr12	156	176	121	147
chr12	157	145	142	156
chr12	146	140	114	200
chr12	191	91	91	227
chr12	184	123	130	163
chr12	175	132	109	184
chr12	188	129	125	158
chr12	145	94	199	162
chr12	143	100	208	149
chr12	145	143	153	159
chr12	180	133	139	148
chr12	166	118	171	145
chr12	158	165	136	141
chr12	149	128	161	162
chr12	192	138	135	135
chr13	116	108	179	197
chr13	139	128	194	139
chr13	177	129	145	149
chr13	135	166	173	126
chr13	186	128	131	155
chr13	151	92	194	163
chr13	144	166	130	160
chr13	161	133	142	164
chr13	164	147	133	156
chr13	168	128	149	155
chr13	199	88	113	200
chr14	109	115	181	195
chr14	171	152	122	155
chr14	170	146	137	147
chr14	109	164	155	172
chr14	163	108	167	162
chr14	181	130	154	135
chr14	186	82	168	164
chr14	136	183	130	151
chr14	179	149	142	130
chr14	159	139	134	168
chr15	98	153	194	155
chr15	181	65	209	145
chr15	187	156	94	163
chr15	165	134	121	180
chr15	193	112	145	150
chr15	165	162	164	109
chr15	169	164	127	140
chr15	167	128	150	155
chr15	163	229	99	109
chr15	174	139	114	173
chr15	210	113	149	128
chr15	123	152	159	166
chr15	139	178	157	126
chr15	158	64	202	176
chr15	151	128	161	160
chr15	196	102	153	149
chr16	130	150	131	189
chr16	208	129	141	122
chr16	135	82	202	181
chr16	209	123	120	148
chr16	153	147	156	144
chr16	183	140	160	117
chr16	105	147	142	206
chr16	153	174	115	158
chr16	145	142	156	157
chr16	195	193	101	111
chr2	168	119	123	190
chr2	164	125	149	162
chr2	137	135	136	192
chr2	148	154	124	174
chr2	193	140	135	132
chr2	146	163	162	129
chr2	134	147	173	146
chr2	173	136	145	146
chr2	78	85	193	244
chr2	210	138	119	133
chr3	209	132	121	138
chr3	205	120	129	146
chr3	168	137	132	163
chr3	168	132	117	183
chr3	193	156	104	147
chr3	188	136	93	183
chr4	175	144	139	142
chr4	159	117	127	197
chr4	156	64	237	143
chr4	229	87	127	157
chr4	133	142	151	174
chr4	195	60	187	158
chr4	165	135	115	185
chr4	182	128	119	171
chr4	161	157	156	126
chr4	214	129	128	129
chr4	162	128	127	183
chr4	209	105	168	118
chr4	175	121	114	190
chr4	139	143	133	185
chr4	165	126	149	160
chr4	120	207	87	186
chr4	127	217	82	174
chr4	182	129	118	171
chr4	153	180	123	144
chr4	145	127	148	180
chr4	171	134	165	130
chr4	173	117	145	165
chr4	152	129	160	159
chr4	193	143	131	133
chr5	165	116	132	187
chr5	151	142	146	161
chr5	170	127	153	150
chr5	151	116	154	179
chr5	190	173	94	143
chr5	135	158	164	143
chr5	175	154	127	144
chr5	149	146	121	184
chr5	121	122	162	195
chr5	178	102	145	175
chr5	172	122	143	163
chr6	155	95	148	202
chr6	187	115	152	146
chr6	133	125	142	200
chr6	139	161	146	154
chr6	116	167	164	153
chr6	167	120	150	163
chr7	189	140	114	157
chr7	176	116	142	166
chr7	120	180	169	131
chr7	148	145	153	154
chr7	137	128	144	191
chr7	125	156	172	147
chr7	202	164	103	131
chr7	171	111	146	172
chr7	139	144	157	160
chr7	177	135	127	161
chr7	173	103	153	171
chr7	189	128	154	129
chr8	145	142	116	197
chr8	149	158	138	155
chr8	167	131	123	179
chr8	148	143	145	164
chr8	148	146	126	180
chr8	168	167	137	128
chr8	148	156	117	179
chr8	177	172	105	146
chr8	180	175	95	150
chr8	188	94	167	151
chr9	142	138	119	201
chr9	159	158	126	157
chr9	164	140	135	161
chr9	198	117	146	139
chr9	184	111	167	138
chr9	183	109	121	187
chr9	151	127	177	145
chr9	151	78	223	148
chr9	179	134	98	189
