Chromosome	AA	AC	AG	AT	CA	CC	CG	CT	GA	GC	GG	GT	TA	TC	TG	TT
chr1	42	33	44	30	36	16	20	31	33	28	36	69	38	26	66	51
chr1	22	24	40	32	36	16	23	15	36	14	54	96	24	36	83	48
chr1	34	24	47	34	36	15	17	23	29	17	43	90	40	35	71	44
chr1	52	34	42	43	37	18	22	34	36	33	41	39	46	25	44	53
chr1	17	45	21	40	65	64	31	44	15	44	25	36	26	51	43	32
chr1	38	26	42	51	31	18	11	30	54	21	49	49	35	25	71	48
chr1	38	73	26	25	69	55	55	34	30	55	23	21	25	31	25	14
chr1	44	87	20	31	67	41	19	50	36	16	18	28	35	34	41	32
chr1	52	90	19	29	67	46	20	46	40	8	23	29	30	35	38	27
chr1	50	80	15	29	68	39	21	50	35	11	23	33	22	48	42	33
chr10	63	36	32	63	37	16	18	31	48	14	20	33	46	35	45	62
chr10	23	46	29	31	41	41	41	41	33	48	35	37	31	29	48	45
chr10	46	46	42	31	47	46	36	40	44	35	34	29	28	42	30	23
chr10	23	29	58	22	30	9	15	36	52	35	81	59	27	18	73	32
chr10	46	34	33	51	47	33	19	39	31	21	33	36	39	50	36	51
chr10	65	39	37	44	42	38	29	26	24	33	31	43	53	26	34	35
chr10	52	38	34	48	39	38	29	45	28	40	21	26	53	35	31	42
chr10	74	34	33	50	44	24	19	22	39	23	30	39	35	28	49	56
chr11	30	26	36	31	26	29	47	29	41	47	75	44	25	29	49	35
chr11	42	41	35	37	45	40	39	36	38	42	45	32	30	38	37	22
chr11	38	25	42	49	35	24	23	30	38	32	35	39	43	31	44	71
chr11	63	47	29	44	40	32	35	35	43	29	24	23	37	34	31	53
chr11	21	54	51	20	52	36	26	65	33	28	2	58	40	61	42	10
chr11	43	36	27	51	42	22	20	43	34	34	38	35	38	35	55	46
chr12	12	33	44	24	42	27	21	51	21	41	32	64	38	41	60	48
chr12	8	25	54	23	32	12	17	46	20	38	46	78	50	32	65	53
chr12	41	25	31	37	32	30	29	50	33	32	31	32	29	53	37	77
chr12	50	25	38	53	43	18	20	29	34	31	36	41	38	36	48	59
chr12	46	26	53	26	19	20	26	33	47	28	52	57	39	24	53	50
chr12	22	34	50	25	31	31	60	31	51	67	45	35	26	22	43	26
chr12	46	39	33	37	48	47	39	42	23	45	20	33	39	45	28	35
chr12	34	39	34	50	47	40	26	32	30	34	35	43	46	31	47	31
chr12	45	35	26	39	40	35	19	46	28	30	17	39	33	40	51	76
chr12	58	21	30	82	29	16	13	33	34	12	20	24	70	42	28	87
chr12	72	31	30	51	31	34	30	28	41	31	32	25	40	27	37	59
chr12	51	41	23	60	41	30	25	36	32	22	27	27	51	38	34	61
chr12	67	38	32	51	31	33	27	38	34	31	32	28	55	27	34	41
chr12	32	26	52	35	24	18	20	32	57	26	71	45	32	24	56	49
chr12	31	24	50	38	26	21	21	31	54	42	77	35	31	13	60	45
chr12	39	36	36	34	38	31	42	32	37	40	40	35	31	36	35	57
chr12	59	38	39	44	41	29	30	33	39	38	30	32	41	28	40	38
chr12	62	27	44	32	34	21	28	35	47	43	49	32	23	27	50	45
chr12	55	47	29	27	45	47	34	39	27	46	28	34	31	25	44	41
chr12	39	31	39	40	33	28	34	33	45	38	38	39	32	31	49	50
chr12	56	49	46	40	45	31	19	43	48	30	31	26	42	28	39	26
chr13	14	25	55	22	31	14	18	45	24	35	43	77	47	34	63	52
chr13	41	34	32	31	43	26	23	36	23	41	82	48	32	26	57	24
chr13	55	25	48	48	33	34	24	38	42	41	30	32	47	29	42	31
chr13	25	47	28	34	45	32	59	30	34	59	44	36	31	27	42	26
chr13	64	29	40	53	43	36	16	33	33	32	34	32	46	31	40	37
chr13	39	17	45	50	33	10	27	22	42	47	63	41	37	18	58	50
chr13	41	40	26	37	38	47	36	45	30	36	43	21	34	43	25	57
chr13	39	43	42	37	48	32	27	26	39	31	28	43	35	26	45	58
chr13	47	18	72	26	58	15	32	42	29	38	12	54	29	76	17	34
chr13	49	30	39	50	32	34	28	34	57	25	33	33	30	39	49	37
chr13	80	25	34	60	32	15	12	29	30	19	25	39	56	29	42	72
chr14	7	28	52	22	34	14	18	48	19	41	43	78	49	32	68	46
chr14	61	35	33	41	45	38	33	36	35	29	18	40	30	50	37	38
chr14	52	34	34	50	48	35	36	26	34	37	30	36	36	39	37	35
chr14	15	37	32	25	29	40	46	48	31	49	34	41	34	38	42	58
chr14	48	26	33	56	26	16	39	27	47	35	48	37	41	31	47	42
chr14	50	49	43	38	44	23	35	28	49	33	33	39	38	25	43	29
chr14	44	41	37	63	22	6	29	25	73	13	33	49	47	22	68	27
chr14	33	37	20	46	48	51	46	37	25	50	28	27	30	45	35	41
chr14	48	41	50	40	45	41	26	37	49	33	28	32	37	34	38	20
chr14	44	39	31	44	54	33	20	32	33	21	38	42	28	46	45	49
chr15	18	25	34	21	23	38	53	39	29	54	57	53	28	36	50	41
chr15	39	25	94	23	19	7	13	26	76	11	56	65	47	22	45	31
chr15	58	42	28	58	51	39	24	42	41	16	14	23	37	59	27	40
chr15	52	31	34	48	39	38	20	36	22	23	27	49	52	41	40	47
chr15	70	28	46	49	38	22	29	23	54	27	31	33	30	35	39	45
chr15	46	49	41	28	46	32	62	22	50	45	33	36	22	36	28	23
chr15	42	48	34	45	49	43	36	36	42	37	26	22	35	36	31	37
chr15	63	28	36	40	36	25	33	34	29	39	34	48	39	36	47	32
chr15	42	60	35	26	78	84	20	46	21	40	19	19	21	45	25	18
chr15	56	34	40	44	49	42	14	33	25	31	28	30	44	31	32	66
chr15	88	41	42	39	34	23	36	20	44	32	42	31	44	17	29	37
chr15	23	33	27	39	42	32	42	36	24	48	38	49	33	39	52	42
chr15	33	43	24	39	43	53	60	21	39	46	38	34	23	36	35	32
chr15	29	24	50	54	27	8	18	11	43	16	75	68	58	16	59	43
chr15	39	32	40	40	34	28	34	32	45	38	39	39	32	30	48	49
chr15	63	26	56	51	36	18	18	30	60	26	40	27	37	31	39	41
chr16	22	30	39	39	46	34	18	52	22	39	23	47	40	47	51	50
chr16	69	51	48	40	39	26	34	29	53	31	31	26	47	20	28	27
chr16	27	20	47	41	28	25	9	20	54	25	65	57	26	12	80	63
chr16	77	53	34	44	47	18	30	28	34	30	26	30	51	22	29	46
chr16	57	31	39	26	44	33	39	31	29	49	41	37	23	34	36	50
chr16	68	39	37	39	42	34	40	23	41	38	51	30	32	28	32	25
chr16	25	22	16	42	20	35	33	58	23	36	33	50	37	54	60	55
chr16	49	39	25	40	46	57	33	37	23	43	17	32	35	35	39	49
chr16	43	33	37	32	33	29	40	40	34	46	41	34	35	34	37	51
chr16	44	92	43	16	73	43	12	64	23	40	9	29	54	18	37	2
chr2	50	29	32	57	30	25	21	43	36	27	29	31	52	38	40	59
chr2	62	28	35	39	37	32	32	24	33	34	39	42	31	31	43	57
chr2	28	31	40	38	35	36	20	44	26	33	29	47	47	35	47	63
chr2	43	35	31	38	37	40	32	45	23	35	18	48	45	43	43	43
chr2	59	47	31	56	45	33	39	23	38	37	31	28	51	23	33	25
chr2	39	39	36	32	47	40	44	31	40	52	41	29	19	32	41	37
chr2	29	30	41	33	39	46	32	30	38	47	45	43	27	24	55	40
chr2	47	42	42	42	44	35	29	27	43	31	37	34	39	28	37	42
chr2	16	9	34	18	17	11	7	50	27	61	22	83	18	4	130	92
chr2	80	37	44	48	56	38	23	21	41	37	17	24	33	25	35	40
chr3	76	41	45	46	56	36	14	26	43	29	23	26	34	26	39	39
chr3	64	33	52	56	54	18	22	25	50	28	26	25	37	40	29	40
chr3	54	37	33	44	37	33	38	29	36	37	25	34	40	30	36	56
chr3	39	31	41	56	47	31	17	37	33	21	20	43	48	49	39	47
chr3	56	59	32	46	58	31	18	49	34	28	13	29	45	37	41	23
chr3	54	49	33	52	55	28	15	38	25	24	17	27	54	35	28	65
chr4	50	49	39	37	52	27	27	38	38	39	32	30	34	29	41	37
chr4	44	33	28	53	33	27	30	27	27	32	20	48	55	25	49	68
chr4	30	28	57	41	10	9	27	17	80	22	74	61	36	5	78	24
chr4	96	30	43	60	30	14	19	24	56	17	27	27	47	26	38	45
chr4	38	24	34	37	34	37	27	43	35	33	42	41	26	48	48	52
chr4	48	14	88	45	20	15	10	15	72	13	32	70	55	17	57	28
chr4	52	39	26	48	47	34	16	38	35	19	22	39	31	42	51	60
chr4	60	30	39	53	42	34	18	34	30	18	31	40	50	46	31	43
chr4	39	38	47	36	47	45	31	34	47	43	37	29	27	31	41	27
chr4	74	42	49	49	48	29	12	40	51	26	25	25	41	32	42	14
chr4	42	31	34	54	41	25	23	39	38	32	26	31	41	40	43	59
chr4	93	30	50	36	30	22	33	19	52	32	47	37	33	21	38	26
chr4	50	34	37	54	36	30	17	38	37	16	19	42	51	41	41	56
chr4	53	30	23	33	38	42	25	38	22	36	34	41	25	35	51	73
chr4	42	37	38	47	38	22	30	36	39	39	39	32	46	28	42	44
chr4	12	56	14	38	68	46	36	56	8	30	7	42	32	75	30	49
chr4	11	60	12	44	76	48	37	56	7	29	5	41	33	79	28	33
chr4	50	43	27	62	46	25	20	38	30	27	28	33	56	33	43	38
chr4	40	42	36	35	48	59	39	33	26	43	21	33	38	36	27	43
chr4	44	25	30	45	40	34	22	31	29	34	39	46	32	34	57	57
chr4	34	35	80	21	65	26	18	25	46	32	36	51	26	40	31	33
chr4	54	34	35	49	31	22	31	33	49	34	28	34	38	27	51	49
chr4	41	32	40	38	35	28	34	32	44	38	39	39	32	31	47	49
chr4	58	53	46	36	46	31	20	45	47	31	27	26	42	27	38	26
chr5	41	33	40	51	39	26	23	27	26	27	37	42	59	30	32	66
chr5	46	29	37	38	38	32	37	35	32	38	38	38	35	42	34	50
chr5	55	34	38	43	31	28	37	31	45	38	34	36	39	27	43	40
chr5	47	29	30	45	39	27	30	20	32	28	43	50	33	32	50	64
chr5	58	45	32	54	68	39	17	49	18	41	15	20	46	47	30	20
chr5	31	32	37	35	41	30	51	36	32	58	30	43	31	38	45	29
chr5	57	49	35	34	40	35	38	41	44	34	23	26	34	35	31	43
chr5	32	42	36	38	51	33	25	37	23	24	26	48	43	46	34	61
chr5	23	27	38	33	24	20	19	58	49	31	37	45	25	44	67	59
chr5	42	41	41	54	31	15	24	32	49	24	33	39	55	22	47	50
chr5	46	46	31	49	51	17	29	25	41	26	38	37	34	33	45	51
chr6	44	24	37	50	22	20	25	28	37	31	32	48	52	20	54	75
chr6	82	24	46	35	33	28	23	31	40	30	51	30	31	33	32	50
chr6	40	23	34	36	27	31	24	43	22	36	35	49	43	35	49	72
chr6	36	26	33	44	39	34	47	40	30	48	31	37	34	52	35	33
chr6	26	35	23	32	30	40	59	38	28	59	30	47	32	33	52	35
chr6	54	27	35	51	33	31	24	32	44	34	39	32	36	28	52	47
chr7	53	41	39	56	56	28	19	37	39	31	15	29	41	40	40	35
chr7	46	33	41	56	43	24	17	32	49	28	37	28	38	31	47	49
chr7	24	47	23	26	49	44	52	35	30	59	43	37	16	30	51	33
chr7	41	29	32	46	38	29	47	30	35	46	33	39	34	40	41	39
chr7	49	16	32	40	22	28	40	38	35	33	31	44	30	51	41	69
chr7	26	29	31	39	34	38	54	30	36	51	48	37	29	38	39	40
chr7	73	54	38	37	45	55	24	40	45	24	10	24	39	30	31	30
chr7	60	24	46	40	39	16	18	38	34	30	40	42	38	41	42	51
chr7	32	39	26	42	35	23	48	38	36	45	42	34	36	37	41	45
chr7	61	40	33	43	43	23	20	48	35	35	26	31	38	36	48	39
chr7	50	30	46	47	27	17	30	29	40	29	42	41	55	27	35	54
chr7	51	46	53	39	50	22	18	37	51	38	35	30	37	22	47	23
chr8	37	23	38	47	39	35	17	51	27	29	23	37	41	55	38	62
chr8	42	37	34	36	42	36	39	41	32	41	28	37	33	44	37	40
chr8	60	38	29	40	44	22	25	39	29	22	30	42	34	49	39	57
chr8	36	35	26	51	50	35	31	27	23	43	36	43	38	30	52	43
chr8	34	41	26	46	38	33	30	45	31	33	27	35	45	39	42	54
chr8	49	50	35	34	59	39	38	31	41	49	23	24	19	29	40	39
chr8	45	46	22	35	34	42	28	52	21	32	27	37	48	36	39	55
chr8	38	93	19	27	55	43	20	53	42	2	27	34	42	33	39	32
chr8	55	65	33	27	68	38	17	52	25	24	16	30	32	48	29	40
chr8	62	27	55	44	30	12	20	32	62	28	46	31	34	27	45	44
chr9	31	27	39	45	39	31	17	51	29	25	24	41	42	55	39	64
chr9	48	38	32	41	48	41	28	41	28	38	27	33	34	41	39	42
chr9	55	32	30	47	49	31	31	29	31	31	39	34	28	46	35	51
chr9	80	40	25	53	47	26	25	19	37	33	29	46	33	18	67	21
chr9	66	27	56	34	30	25	27	29	52	34	44	37	36	25	40	37
chr9	48	33	41	60	37	16	20	36	45	19	22	35	52	41	38	56
chr9	35	26	58	31	45	20	22	40	39	45	59	34	31	36	38	40
chr9	15	14	115	6	29	0	2	47	70	49	54	50	37	15	51	45
chr9	62	33	39	45	45	32	14	43	30	22	16	30	42	46	29	71
