Chromosome	AAA	AAC	AAG	AAT	ACA	ACC	ACG	ACT	AGA	AGC	AGG	AGT	ATA	ATC	ATG	ATT	CAA	CAC	CAG	CAT	CCA	CCC	CCG	CCT	CGA	CGC	CGG	CGT	CTA	CTC	CTG	CTT	GAA	GAC	GAG	GAT	GCA	GCC	GCG	GCT	GGA	GGC	GGG	GGT	GTA	GTC	GTG	GTT	TAA	TAC	TAG	TAT	TCA	TCC	TCG	TCT	TGA	TGC	TGG	TGT	TTA	TTC	TTG	TTT
chr1	6	13	11	12	14	5	4	9	13	7	9	15	8	1	11	10	5	11	16	4	4	2	5	5	2	6	3	9	3	6	14	8	15	3	5	10	14	4	1	9	9	7	1	19	23	8	19	19	16	6	12	4	4	5	9	8	9	8	23	26	4	11	22	14
chr1	10	4	4	4	4	11	8	1	5	0	4	31	0	4	23	5	7	1	15	13	5	0	10	1	0	1	12	10	1	2	11	1	2	12	8	14	6	1	0	7	7	12	0	35	20	13	29	34	3	6	13	1	21	4	5	6	24	1	38	20	3	17	20	8
chr1	11	3	11	9	7	6	5	6	9	1	4	33	3	3	18	9	9	4	12	11	8	1	5	1	0	1	9	7	3	3	15	2	8	8	5	8	4	3	0	10	3	10	1	29	29	14	19	28	6	9	19	6	17	5	7	6	16	5	29	21	5	15	19	5
chr1	13	12	15	12	9	8	6	11	12	9	11	10	10	6	12	14	13	6	7	11	6	1	6	5	4	4	8	6	8	3	10	13	10	8	6	12	12	7	5	9	9	9	14	9	14	6	10	9	16	8	14	8	10	2	5	8	11	11	8	14	14	10	12	17
chr1	3	6	2	6	15	11	10	9	4	7	0	10	9	18	6	7	9	24	13	19	26	14	10	14	2	10	9	10	5	16	13	10	3	5	1	5	13	19	3	9	3	8	8	6	8	9	10	9	2	10	4	10	11	20	8	12	6	19	8	10	4	8	14	6
chr1	9	9	9	11	8	6	4	8	11	7	14	10	14	5	17	15	3	3	11	14	8	3	3	4	2	2	4	3	4	4	15	7	16	6	13	18	5	4	4	8	16	8	8	17	8	8	20	13	10	8	9	8	10	5	0	10	25	4	23	19	9	8	19	12
chr1	10	18	6	4	22	18	21	12	12	6	5	3	12	5	5	3	17	31	12	9	16	15	15	8	8	26	10	11	6	11	13	4	7	15	6	2	21	12	13	9	7	11	2	3	6	6	5	4	4	9	2	10	10	10	6	5	3	12	6	4	1	9	2	2
chr1	4	28	3	9	20	25	9	32	5	8	1	6	2	8	13	8	19	20	12	16	26	2	7	6	9	1	5	4	17	5	16	12	15	14	3	4	4	8	1	3	5	2	3	8	11	10	4	3	6	25	2	2	17	6	2	9	17	5	9	10	5	11	8	8
chr1	7	34	4	7	11	35	9	35	6	5	4	4	0	12	11	6	18	21	12	16	35	0	9	2	5	0	7	8	15	7	17	6	23	14	1	2	3	3	2	0	8	2	0	13	6	11	5	7	4	21	2	3	18	8	0	9	21	1	12	4	9	5	5	8
chr1	10	29	3	8	5	28	10	37	3	3	5	4	0	15	9	5	18	24	11	15	33	0	6	0	5	2	7	7	11	6	20	13	19	12	1	3	5	2	2	2	8	3	0	12	5	15	5	8	3	15	0	3	25	9	3	11	19	2	11	10	6	12	8	7
chr10	22	9	17	15	14	5	6	11	12	4	5	11	13	12	17	20	13	9	3	12	6	3	2	5	7	1	4	6	8	5	8	10	14	6	8	20	6	1	2	5	8	6	2	4	10	6	7	10	14	12	4	16	11	7	8	9	21	3	9	12	15	12	13	22
chr10	5	6	8	4	9	12	14	11	5	11	7	6	5	6	13	7	8	11	9	13	7	15	11	8	12	12	6	11	14	6	12	8	5	14	7	7	15	7	10	16	10	11	6	8	4	9	10	14	5	15	4	7	10	7	6	6	6	14	16	12	8	8	13	16
chr10	9	13	18	6	12	15	12	7	17	7	12	6	7	13	6	5	8	16	10	12	16	8	13	9	8	10	7	11	10	12	11	7	18	9	8	9	6	9	7	13	16	8	4	6	7	8	9	5	11	8	5	4	13	14	4	11	3	10	11	6	4	9	4	6
chr10	3	3	12	5	5	2	4	17	14	5	31	8	4	2	8	8	5	9	10	6	2	2	1	4	1	3	5	6	3	3	23	7	13	4	28	7	15	2	7	11	19	12	16	34	17	3	29	10	2	13	8	4	8	3	3	4	18	15	29	11	3	10	12	7
chr10	9	12	9	16	8	11	3	12	5	8	7	13	10	19	7	15	15	12	5	15	16	4	6	7	5	2	5	7	9	11	8	11	9	7	10	5	7	7	4	3	9	7	8	9	9	7	5	14	13	3	9	14	16	11	6	17	12	4	13	7	11	13	16	11
chr10	26	13	17	9	11	12	11	5	7	8	11	11	20	8	10	6	14	9	8	11	9	11	9	9	5	7	8	9	10	4	4	8	10	4	4	6	16	6	6	5	6	7	4	14	15	8	9	11	14	13	8	18	6	9	3	7	6	11	8	9	8	6	11	10
chr10	20	7	15	10	13	8	8	9	10	11	3	10	22	9	8	9	11	13	6	9	8	11	6	13	6	11	7	5	12	9	8	16	9	3	6	10	11	13	9	7	3	9	5	4	10	2	7	7	12	15	7	19	7	6	6	16	9	9	6	7	9	15	7	10
chr10	30	10	16	17	13	5	4	12	9	8	7	9	13	3	16	18	19	9	7	9	14	4	5	1	7	3	5	4	6	0	6	10	14	6	7	12	7	8	1	7	8	4	4	14	8	9	11	11	11	9	3	12	10	7	9	2	15	8	14	12	8	16	16	16
chr11	5	6	12	7	8	7	7	4	5	10	14	7	7	3	14	7	7	7	3	9	8	7	9	5	8	10	21	8	10	5	7	7	10	8	13	10	6	10	22	9	18	17	20	20	6	8	16	14	8	5	7	5	4	5	9	11	10	10	20	9	2	13	12	7
chr11	10	12	12	8	10	9	18	4	14	7	10	4	7	11	16	3	17	10	11	7	10	9	10	10	8	9	10	12	9	11	8	8	13	10	8	7	16	11	7	8	9	17	9	10	9	8	8	7	2	9	4	15	9	11	4	14	7	9	15	6	5	8	5	4
chr11	11	6	13	7	4	3	11	7	11	10	12	9	7	9	11	22	9	5	7	14	10	4	7	3	5	2	4	12	5	5	9	11	14	4	11	9	7	8	4	13	13	10	4	8	14	3	7	15	4	10	11	18	14	9	1	7	9	10	15	10	17	14	17	23
chr11	26	12	11	14	16	8	11	12	13	8	4	4	17	13	6	8	9	13	7	11	12	7	9	4	10	10	9	6	7	5	10	13	17	10	8	8	7	8	7	7	9	7	6	2	6	4	6	7	11	11	3	11	5	9	8	12	11	4	5	11	7	12	9	25
chr11	7	7	7	0	12	21	1	20	9	12	0	30	6	3	9	2	3	19	19	11	16	0	14	6	11	3	1	11	24	20	17	4	10	6	17	0	13	3	0	12	1	0	0	1	7	32	16	3	0	22	8	9	11	12	11	27	12	13	1	16	3	6	0	1
chr11	12	12	8	11	11	10	6	9	9	5	7	6	14	12	18	7	11	4	7	20	6	1	5	10	2	3	10	5	8	7	15	12	13	5	6	10	14	5	2	13	11	10	5	12	7	4	10	14	7	15	6	10	11	6	7	11	11	16	16	12	9	12	12	13
chr12	0	4	3	5	5	4	9	15	3	13	1	27	3	6	6	9	5	13	13	11	7	2	1	16	3	7	5	6	9	4	26	12	4	7	5	5	20	7	1	13	6	6	0	20	20	16	15	13	3	9	23	3	10	14	10	7	8	15	26	11	6	15	13	14
chr12	3	1	1	3	1	1	5	18	0	13	0	41	2	3	4	14	1	9	11	11	2	1	1	8	1	4	6	6	13	7	14	12	3	7	7	3	23	1	2	12	11	9	1	25	26	11	26	15	1	7	35	6	6	9	9	8	8	12	39	6	9	11	21	12
chr12	12	8	10	11	6	3	6	10	12	9	6	4	8	10	5	14	7	8	8	8	8	7	7	8	2	6	7	14	10	5	8	27	14	6	7	6	4	7	7	14	11	5	9	6	4	12	6	10	8	3	6	12	13	13	9	18	8	12	9	8	7	26	18	26
chr12	14	10	11	15	11	8	2	4	11	2	12	13	14	9	17	13	15	5	11	12	4	6	3	5	2	4	7	7	3	5	6	14	12	4	10	8	15	1	5	10	9	12	7	8	8	9	13	11	8	6	6	18	13	3	10	10	12	13	10	13	13	13	12	21
chr12	20	5	15	6	1	6	11	8	10	6	19	18	7	5	6	8	5	4	7	3	7	6	2	5	5	4	6	11	6	6	7	14	15	12	16	4	10	5	7	6	19	7	9	16	17	7	23	10	6	5	15	13	1	3	6	14	13	11	18	11	9	6	17	18
chr12	5	3	11	3	11	4	12	7	13	16	13	8	3	9	7	6	3	11	11	6	7	7	10	7	16	25	10	9	8	6	10	7	9	13	23	6	9	18	28	11	14	11	7	13	10	3	14	8	5	7	5	9	4	2	10	6	8	15	15	5	5	4	12	5
chr12	13	12	9	12	14	8	6	11	8	14	6	5	4	15	8	10	21	8	12	7	13	12	15	7	4	15	6	14	13	11	8	10	4	9	5	5	9	15	8	13	4	7	2	7	11	5	6	11	8	10	7	13	12	12	10	11	7	8	6	7	11	14	6	4
chr12	9	9	8	8	13	9	8	9	10	6	10	8	17	9	14	9	13	15	7	12	12	12	8	8	11	4	5	6	7	11	8	6	4	6	10	10	12	8	6	8	2	11	10	12	11	8	16	8	8	9	9	20	10	10	4	7	7	13	10	17	11	3	9	8
chr12	14	8	12	10	11	10	6	8	6	5	4	11	5	5	11	18	10	13	4	13	10	6	6	13	2	5	4	8	7	11	13	15	9	7	3	9	8	9	4	9	5	7	3	2	11	5	7	16	12	7	7	7	11	10	3	16	15	13	6	17	10	19	20	27
chr12	15	6	9	28	9	3	2	7	11	2	9	8	27	14	10	31	9	5	2	13	7	1	2	6	4	1	1	6	13	8	2	10	10	3	5	16	3	2	3	4	7	3	4	6	7	3	4	10	24	7	14	25	10	10	6	16	12	6	6	4	22	17	12	36
chr12	26	14	15	17	13	9	5	4	10	5	8	7	16	4	10	21	13	4	6	8	4	7	10	13	9	4	11	6	5	10	4	9	16	7	7	11	6	11	9	5	11	10	4	7	9	5	8	3	17	6	2	15	8	7	6	6	10	12	9	5	10	8	15	26
chr12	17	11	5	18	14	12	8	7	6	6	4	7	23	12	8	17	13	10	5	13	10	5	4	11	6	5	7	7	8	4	4	20	9	6	2	15	4	3	5	10	7	4	10	6	5	7	8	7	12	14	11	14	13	10	8	7	13	7	6	7	15	15	14	17
chr12	26	16	10	15	7	12	3	16	8	9	8	7	19	8	13	10	14	4	7	6	8	7	11	7	8	8	5	6	14	8	10	6	11	9	4	10	10	5	6	10	7	5	13	7	9	8	2	9	16	9	11	19	6	9	7	5	11	9	6	8	13	3	9	16
chr12	8	8	11	5	3	8	10	5	11	6	26	9	5	11	11	8	5	4	7	8	8	3	4	3	7	4	6	3	5	6	12	9	15	6	23	13	6	2	4	14	28	8	13	22	10	4	16	15	4	8	11	9	7	5	2	10	11	8	26	11	12	3	17	16
chr12	4	6	8	13	7	5	3	9	17	9	21	3	11	4	14	9	5	4	11	6	6	4	5	5	2	9	9	1	6	2	13	10	16	6	22	10	11	8	10	13	24	10	22	21	5	3	17	10	6	8	8	9	2	4	3	4	11	14	25	10	9	4	16	16
chr12	15	4	13	7	12	6	12	6	9	11	9	7	7	11	3	13	11	8	7	12	10	7	8	6	12	9	9	11	4	3	11	14	9	11	9	8	9	10	14	7	7	10	14	9	4	7	9	15	4	13	7	7	7	8	8	13	9	10	8	8	16	15	11	15
chr12	20	14	10	15	10	8	10	10	14	8	10	7	9	13	13	8	12	7	10	12	12	6	2	9	5	9	11	5	11	6	9	7	13	4	13	9	11	8	12	7	10	12	3	5	14	4	8	6	14	13	6	8	8	7	6	7	10	9	6	15	7	5	10	16
chr12	29	8	16	9	8	4	8	7	15	9	14	6	9	5	14	4	11	5	8	10	8	2	6	5	8	9	5	6	4	4	17	10	16	8	15	8	8	9	11	15	12	17	15	5	6	6	11	9	6	6	5	5	10	6	3	8	12	8	15	15	3	12	8	22
chr12	23	9	12	11	19	14	7	7	7	13	6	3	11	2	8	6	14	21	5	5	14	14	8	11	5	10	8	11	8	8	13	10	10	7	5	5	11	11	15	9	8	10	6	4	6	5	9	14	8	10	7	6	1	8	4	12	7	13	8	15	6	10	14	11
chr12	14	6	10	9	7	5	10	9	10	7	11	11	7	8	13	12	5	6	14	8	5	10	6	7	13	5	7	9	7	7	6	13	14	8	10	13	9	8	13	8	9	16	6	7	9	5	12	13	6	11	5	10	12	5	5	9	13	10	13	12	9	11	18	12
chr12	16	8	16	16	11	12	6	20	15	10	9	12	12	6	14	8	16	17	6	6	21	3	5	2	10	2	4	3	16	6	14	7	16	9	15	8	8	7	2	13	16	5	7	3	10	7	5	4	7	15	9	10	5	9	6	8	7	13	11	8	4	9	6	7
chr13	5	2	3	4	1	2	5	17	3	12	0	40	2	4	4	12	2	8	12	9	3	1	2	8	2	3	6	7	12	7	14	12	5	9	7	3	20	1	2	12	11	8	1	23	25	11	26	15	2	6	33	6	7	10	9	8	8	12	36	7	8	12	19	12
chr13	9	8	10	13	15	6	4	9	5	8	13	6	7	5	13	6	13	10	11	9	13	3	3	7	3	2	13	5	7	7	9	13	9	3	7	4	7	10	12	12	7	18	24	33	11	7	25	5	10	13	4	5	8	7	4	7	8	13	32	4	7	7	10	0
chr13	23	5	14	12	10	5	4	6	13	7	19	9	27	4	11	6	8	4	13	8	8	9	7	10	13	5	2	4	6	8	12	12	13	9	12	8	9	14	8	10	10	10	4	6	8	6	12	6	11	7	9	20	6	6	5	12	6	19	5	12	6	11	7	7
chr13	6	7	8	4	17	11	11	8	5	10	8	5	7	5	13	9	11	16	6	12	5	6	14	7	12	22	14	11	5	8	8	9	7	13	6	8	15	13	21	10	10	14	12	8	10	6	17	3	1	11	8	10	8	2	13	4	7	13	10	12	9	8	4	5
chr13	24	10	13	17	10	5	4	10	11	9	9	11	18	15	12	8	12	10	10	11	13	11	2	10	2	6	4	4	9	6	9	9	7	5	9	12	9	10	7	6	6	9	10	9	12	5	9	5	21	4	8	13	11	10	3	7	13	8	11	8	7	5	10	15
chr13	9	7	10	13	8	1	6	2	11	12	14	8	17	4	18	11	14	4	9	6	4	2	0	4	5	5	11	5	3	3	8	8	10	4	17	11	16	3	18	10	19	18	12	14	10	4	17	10	6	2	9	20	5	4	3	6	7	12	25	14	7	7	15	21
chr13	15	7	11	8	11	10	7	12	5	11	6	4	15	8	5	9	6	16	5	11	8	16	11	12	6	13	12	5	11	12	6	16	9	8	4	9	11	7	9	9	13	9	15	6	4	5	7	5	11	8	6	9	8	14	9	12	6	3	10	6	4	18	7	27
chr13	4	13	13	9	14	17	5	7	13	11	3	15	12	3	8	14	17	11	15	5	16	3	7	6	5	1	6	15	2	3	3	18	11	10	5	13	6	8	9	8	8	12	3	5	13	6	11	13	7	9	9	10	12	3	6	5	13	7	16	8	8	14	23	13
chr13	5	17	17	7	9	0	8	1	11	31	0	30	0	16	2	8	20	0	19	19	12	0	2	1	2	0	7	23	18	21	1	2	16	1	12	0	8	1	6	23	4	7	1	0	8	17	11	18	5	0	24	0	29	14	16	17	12	0	4	1	3	22	3	6
chr13	14	7	13	15	6	10	6	8	17	4	10	7	12	14	12	12	8	4	11	9	8	9	8	9	13	7	4	4	6	9	14	5	18	13	9	17	3	9	3	10	12	3	6	12	4	9	11	9	9	6	6	9	15	6	11	7	15	11	13	10	8	7	11	11
chr13	33	10	12	25	10	2	3	10	13	6	6	9	28	6	11	15	13	4	6	9	6	4	0	5	2	2	4	4	7	4	8	10	12	5	7	6	7	2	5	5	6	4	9	6	12	7	11	9	22	6	9	19	9	7	4	9	9	7	6	20	9	12	12	38
chr14	2	1	0	4	0	2	6	19	0	13	0	39	2	4	6	10	2	11	10	11	3	1	1	9	1	5	5	7	13	7	17	11	2	7	7	3	25	1	2	13	9	9	0	25	25	13	26	14	1	9	35	4	6	10	9	7	9	14	38	7	9	8	19	10
chr14	21	11	12	17	13	8	5	9	4	8	7	14	6	15	9	11	14	10	9	12	11	8	8	11	8	8	5	12	7	10	11	8	16	5	6	7	8	8	7	6	8	5	1	4	11	11	6	12	10	9	6	5	13	14	13	10	14	8	5	10	6	14	11	7
chr14	11	10	13	18	9	7	10	8	10	9	4	11	19	12	11	8	9	12	10	17	10	8	12	4	10	6	6	14	4	5	8	9	18	3	7	6	13	10	7	7	7	10	5	8	6	13	7	10	14	9	4	9	15	10	7	7	7	12	15	3	7	9	11	8
chr14	5	5	4	1	7	12	9	9	8	10	5	9	2	6	8	9	3	12	8	6	12	3	16	9	7	15	13	11	10	12	6	20	5	9	10	7	6	12	14	16	6	11	8	9	10	5	13	13	2	11	10	11	4	13	7	14	9	13	8	12	12	15	15	16
chr14	21	5	9	13	7	3	10	6	14	4	6	9	24	10	12	10	8	4	6	8	0	2	9	5	4	10	17	8	4	4	6	13	13	9	9	16	13	5	10	7	16	7	14	11	8	5	13	10	6	8	9	18	6	6	10	9	13	14	11	9	5	12	16	9
chr14	13	13	15	9	14	9	16	10	15	9	8	11	12	9	9	8	18	10	11	4	7	4	7	5	13	7	5	10	7	8	7	6	14	12	12	11	15	6	7	5	11	8	10	4	10	5	14	10	5	14	5	14	8	4	5	8	10	9	10	14	8	3	13	5
chr14	9	11	12	12	11	3	16	11	15	5	7	10	16	7	31	9	6	2	5	9	3	0	2	1	17	1	4	7	6	3	10	6	17	19	8	29	1	0	3	9	9	1	9	14	19	8	11	11	12	9	12	13	7	3	8	4	31	6	13	18	6	4	16	1
chr14	11	7	0	15	12	10	10	5	5	9	2	4	11	12	7	16	8	15	8	17	18	9	14	10	3	17	11	15	8	10	8	11	2	6	6	11	10	15	12	13	9	11	5	3	4	8	10	5	12	9	6	3	8	17	10	9	8	12	10	5	7	15	10	9
chr14	7	13	21	7	13	12	5	11	26	6	7	11	15	9	13	3	17	4	13	11	10	12	11	8	7	10	4	5	12	9	10	6	17	12	10	10	12	9	3	9	7	9	4	8	5	10	9	8	7	12	6	12	10	8	7	9	9	8	13	8	4	6	6	3
chr14	6	15	11	12	15	11	9	4	9	5	8	9	9	15	10	10	19	8	6	20	15	7	3	8	4	3	7	6	0	6	11	15	10	11	6	6	9	5	3	4	10	8	10	10	11	11	10	10	9	5	8	6	15	10	5	16	10	5	13	17	7	14	14	14
chr15	5	5	3	5	6	5	11	3	6	11	7	10	3	5	6	7	3	8	10	2	4	13	12	9	12	9	20	11	6	12	10	11	5	6	12	6	9	13	17	15	6	15	17	19	8	8	25	12	5	6	9	8	4	7	13	12	5	19	13	13	10	11	9	11
chr15	4	5	26	4	5	3	5	12	40	1	32	20	5	6	8	4	3	8	4	4	3	1	0	3	5	1	2	5	10	4	7	5	28	8	32	8	2	0	1	8	16	5	5	30	32	6	15	12	4	4	32	7	9	3	7	3	15	4	17	9	0	6	15	10
chr15	15	17	9	16	11	13	4	14	16	3	4	5	13	26	9	10	22	7	7	15	15	9	7	8	9	4	3	8	10	8	9	15	12	8	8	13	8	0	2	6	3	5	2	4	4	7	4	8	9	10	4	14	17	17	11	14	13	3	5	6	10	18	5	7
chr15	21	8	12	11	9	13	2	7	7	6	9	12	13	6	13	16	13	9	5	12	13	12	5	8	3	7	6	4	10	12	5	9	11	3	6	2	9	3	7	3	9	3	4	11	17	10	7	15	7	11	11	23	8	10	6	17	3	7	8	22	12	13	15	7
chr15	25	10	24	11	9	6	9	4	14	11	10	11	11	14	16	8	16	7	6	9	7	3	5	7	9	5	9	6	4	4	7	8	25	4	8	17	8	5	9	5	12	4	6	9	9	6	3	15	4	7	7	12	14	8	6	7	19	7	6	7	6	11	13	14
chr15	16	7	14	8	12	8	24	5	14	8	10	9	9	6	9	4	12	16	10	8	13	5	11	3	16	18	15	13	5	4	6	7	13	19	14	4	9	13	13	10	13	10	4	6	5	18	7	6	4	7	3	8	12	6	14	4	7	9	4	8	3	8	6	6
chr15	16	7	12	7	13	10	17	8	12	8	7	7	16	13	9	6	11	21	5	12	13	13	9	8	9	13	9	5	7	8	10	11	9	14	9	10	10	15	3	9	8	6	7	5	6	6	4	6	6	5	8	16	13	5	7	11	13	10	3	5	6	9	8	14
chr15	29	9	15	10	10	6	8	4	7	8	10	11	8	7	14	10	12	3	10	11	7	5	7	6	7	11	6	9	4	13	9	8	13	5	3	8	11	8	10	10	8	8	8	10	18	8	17	5	9	11	8	11	8	6	8	14	7	12	10	18	8	8	7	9
chr15	8	13	7	14	15	31	6	8	6	13	8	8	9	7	6	4	22	30	19	7	33	15	7	28	4	9	2	5	5	24	11	6	6	7	5	3	18	16	2	4	6	8	2	3	4	3	7	5	5	10	4	2	12	22	5	6	5	10	7	3	3	11	1	3
chr15	25	5	15	11	13	12	4	5	13	10	11	6	16	6	9	13	10	14	13	12	11	18	5	8	1	3	4	6	5	5	12	11	10	2	6	7	12	7	4	8	4	10	3	11	14	6	4	6	11	13	6	14	13	4	1	12	7	8	10	7	9	14	7	36
chr15	47	12	20	9	13	8	13	7	18	10	9	5	20	3	6	10	11	12	4	7	6	4	10	3	9	6	11	10	6	3	4	7	19	9	5	11	9	4	12	7	11	12	11	8	13	6	8	4	11	8	13	12	6	7	1	3	6	4	11	8	5	5	11	15
chr15	7	3	7	6	11	8	6	8	6	6	7	8	8	12	9	10	6	12	8	16	7	8	12	5	4	13	9	16	7	6	12	11	3	7	5	8	14	8	12	14	7	17	6	8	10	8	22	9	6	11	7	9	10	8	12	9	7	12	16	17	8	13	9	12
chr15	10	9	7	7	8	18	12	5	5	8	2	9	6	10	13	10	8	15	10	10	18	11	16	8	14	20	16	10	3	7	5	6	9	13	1	16	9	12	21	3	12	11	6	9	10	10	8	6	5	6	6	6	8	12	11	5	8	7	14	6	4	9	9	10
chr15	2	9	10	8	10	2	9	3	10	4	17	19	16	6	20	12	8	2	5	12	3	0	2	3	5	1	6	6	3	0	5	3	6	6	15	15	7	3	5	1	18	6	21	30	30	5	22	11	13	6	20	19	7	3	2	4	10	5	31	13	9	5	12	17
chr15	14	6	10	9	8	5	10	9	10	7	12	11	7	7	13	12	5	6	15	8	5	10	6	7	13	5	7	9	7	7	6	12	14	8	10	13	9	8	13	8	9	16	7	7	9	5	12	13	6	11	5	10	12	5	5	8	13	10	13	12	9	11	17	12
chr15	21	4	21	17	12	3	4	7	27	9	11	9	14	8	14	15	16	5	7	8	9	3	3	3	8	2	4	4	5	4	13	8	20	7	21	12	8	6	3	9	18	8	10	4	10	8	3	6	6	10	7	14	7	6	7	11	7	7	15	10	8	11	9	12
chr16	0	6	5	11	6	5	8	11	6	13	2	18	8	11	8	12	9	11	11	15	10	7	1	16	3	8	3	4	9	7	23	13	5	5	5	7	16	9	1	13	5	5	0	13	13	15	9	9	8	8	18	6	14	13	8	12	8	13	18	12	10	14	10	16
chr16	35	11	16	7	15	13	15	8	22	8	11	7	16	4	13	7	9	15	7	8	9	3	6	7	10	7	8	9	10	6	9	4	13	16	19	5	9	3	9	10	11	8	7	5	12	5	2	7	12	9	6	20	5	7	4	4	10	8	5	5	9	5	4	9
chr16	3	8	5	11	4	11	2	3	9	7	25	5	16	3	6	16	5	1	6	16	12	4	3	6	4	0	2	3	0	2	15	3	12	6	28	8	8	5	3	9	24	10	9	22	7	4	13	33	7	5	8	6	4	5	1	2	17	8	29	26	3	3	46	11
chr16	29	20	11	17	20	8	13	12	7	10	10	7	13	6	14	11	15	17	8	6	9	2	5	2	13	5	3	9	10	4	4	10	13	6	9	6	13	4	6	7	9	6	5	6	13	3	4	10	20	10	6	15	5	4	6	7	5	9	8	7	15	9	7	15
chr16	30	11	10	6	6	9	9	7	7	15	7	10	5	8	6	7	12	9	14	9	9	7	8	9	8	8	11	12	3	5	9	13	14	6	6	3	20	8	12	9	8	17	10	6	8	6	11	12	1	5	9	8	9	9	10	6	6	8	13	9	7	15	10	18
chr16	31	15	13	9	10	9	12	8	13	8	12	4	13	8	10	8	8	10	12	12	9	6	14	5	10	10	9	11	5	8	4	6	16	10	7	8	14	12	7	5	10	13	20	8	11	6	10	3	13	4	5	10	8	7	7	5	8	7	10	7	3	6	8	8
chr16	9	3	4	9	1	6	6	8	4	1	4	7	10	12	10	10	2	5	2	11	5	8	9	13	4	10	8	11	4	19	20	15	5	4	5	9	4	11	7	14	6	6	6	15	18	8	11	13	9	10	5	13	10	10	11	23	9	19	15	17	5	15	19	16
chr16	21	12	6	10	7	16	7	9	4	7	9	5	8	9	8	15	8	14	11	13	16	17	12	11	7	13	2	11	4	11	14	8	9	4	5	5	15	16	5	7	4	5	2	6	8	5	7	12	11	9	3	12	8	8	9	10	8	17	4	10	15	10	10	14
chr16	14	9	8	12	10	7	9	7	11	9	10	7	7	7	7	11	11	6	10	6	2	5	13	9	6	8	16	10	9	6	9	16	11	9	10	4	13	10	10	13	12	11	9	9	8	8	11	7	7	9	9	10	8	7	8	11	5	18	6	7	11	13	10	17
chr16	8	18	9	9	7	28	6	51	1	14	8	20	1	3	10	2	19	27	22	5	40	0	2	0	6	0	0	6	42	9	13	0	9	12	1	1	17	6	4	13	6	0	0	3	11	5	13	0	7	35	11	1	9	9	0	0	10	26	1	0	0	1	1	0
chr2	13	10	8	19	2	9	4	14	5	9	9	9	22	10	9	15	12	3	6	9	5	2	8	10	5	5	5	6	6	7	10	20	9	2	7	18	9	5	5	8	8	9	5	7	12	4	8	7	16	14	11	11	14	9	4	11	18	4	9	9	12	17	13	17
chr2	29	6	18	9	7	8	7	6	9	7	7	12	5	9	12	13	7	9	8	13	6	12	10	4	7	5	15	4	4	4	9	7	16	7	4	6	15	3	8	8	9	10	8	12	11	7	10	14	9	6	5	11	9	9	7	6	8	12	9	14	11	11	12	23
chr2	5	5	12	6	4	13	6	8	6	12	10	12	11	6	13	8	5	10	11	9	9	5	7	15	6	5	3	5	11	6	8	19	3	5	8	10	12	10	3	8	3	6	6	14	11	10	7	19	15	11	9	12	10	8	4	13	11	10	10	16	14	13	19	17
chr2	20	6	8	8	9	8	4	14	9	11	4	7	10	13	9	6	10	13	7	7	14	8	8	10	6	9	4	13	12	8	15	10	4	6	7	6	4	12	12	7	5	7	3	3	15	13	4	16	9	10	9	17	10	11	8	14	3	8	7	25	8	9	15	11
chr2	19	14	14	12	15	9	14	9	6	9	9	7	23	12	10	11	18	8	3	16	13	9	7	4	8	14	9	7	5	5	8	5	12	12	8	6	7	9	12	9	12	9	7	3	13	2	7	6	10	13	6	22	10	6	6	1	11	5	6	11	10	4	8	3
chr2	8	11	11	9	12	9	9	9	11	11	9	5	5	10	7	10	17	10	12	8	17	7	11	5	9	17	13	5	7	6	9	9	9	12	10	9	10	15	15	11	10	10	8	13	3	7	11	8	4	6	3	6	8	9	9	6	10	14	11	6	4	9	14	10
chr2	10	6	8	5	5	13	6	6	6	17	9	9	4	10	6	13	5	9	10	15	8	16	15	7	8	9	8	7	2	3	20	5	9	11	11	7	16	13	9	9	10	12	11	12	12	9	8	14	5	4	11	6	10	4	2	8	14	9	17	15	9	2	21	8
chr2	12	14	10	11	8	12	13	8	13	10	10	9	14	9	10	9	11	6	16	11	13	13	6	3	9	5	8	7	6	4	9	8	14	9	8	12	9	4	7	11	12	11	8	6	8	6	7	13	10	13	8	8	14	6	3	5	9	5	11	12	11	9	11	11
chr2	3	4	4	5	4	2	1	2	7	14	8	5	3	0	6	9	0	1	9	7	3	1	0	7	0	4	2	1	0	2	16	32	6	1	14	5	10	5	6	40	5	5	5	7	12	1	26	44	7	3	7	1	0	3	0	1	15	38	7	70	3	1	82	6
chr2	30	15	12	23	9	14	7	7	18	15	3	8	10	10	16	12	25	10	12	9	24	7	5	2	10	6	3	4	3	4	5	9	12	10	8	11	18	10	4	5	5	7	2	3	10	4	1	9	13	2	12	5	5	6	7	7	8	9	9	9	10	7	13	10
chr3	38	13	13	12	15	11	6	9	11	12	11	11	11	7	14	14	15	15	16	10	17	6	4	9	10	0	2	2	5	6	7	8	15	5	6	16	13	10	3	3	9	5	3	6	10	6	6	4	8	8	10	8	11	9	1	5	13	12	7	7	7	7	12	13
chr3	16	17	16	15	19	3	4	7	23	7	11	11	15	17	10	14	21	5	14	14	6	5	4	3	3	12	4	3	3	10	4	8	14	7	13	16	14	4	4	6	15	5	3	3	7	6	5	7	13	4	9	11	15	6	10	8	9	4	8	8	12	7	10	11
chr3	15	11	14	14	10	9	14	4	10	7	7	9	14	2	12	15	14	8	3	12	12	8	7	6	5	16	9	8	7	7	5	10	12	10	6	8	7	10	10	10	10	6	4	5	7	11	7	9	12	8	10	10	8	6	7	9	11	8	5	12	12	10	12	22
chr3	8	6	12	13	10	9	6	6	12	8	6	15	15	17	11	13	13	9	7	17	13	7	3	8	7	1	1	8	10	5	9	13	10	5	7	11	5	7	3	6	7	5	3	5	13	12	8	10	8	11	15	14	19	8	5	17	7	7	10	15	10	15	11	11
chr3	10	24	11	11	16	5	12	26	5	10	3	14	15	15	10	6	24	8	12	14	23	2	2	4	10	3	2	3	17	7	14	10	8	9	7	10	7	9	2	10	8	2	1	2	9	4	12	4	14	18	2	11	12	14	2	9	11	13	7	10	4	11	5	3
chr3	18	18	8	10	12	17	6	14	9	11	6	7	21	9	4	17	17	11	11	16	17	1	4	6	3	2	5	5	11	10	7	10	4	3	6	12	14	4	2	4	4	5	2	6	10	3	5	9	15	17	8	14	12	6	3	14	9	6	4	9	12	13	11	29
chr4	8	14	12	16	16	16	9	8	8	14	11	6	6	10	16	5	16	16	15	5	14	4	2	7	7	8	7	5	10	5	10	13	15	7	7	9	11	4	11	13	12	7	3	10	6	7	11	6	11	12	4	7	11	3	5	10	11	10	11	9	12	7	4	13
chr4	15	8	8	13	12	6	6	9	6	7	4	11	12	4	17	20	10	7	12	4	7	4	9	7	5	10	5	10	6	4	5	12	4	9	2	12	7	12	6	7	4	6	3	7	20	6	6	16	15	9	6	24	7	5	9	4	12	9	8	20	17	11	20	20
chr4	4	3	12	11	0	5	18	5	20	5	19	13	12	2	27	0	2	5	1	2	5	0	1	2	14	1	1	11	2	1	8	6	16	13	30	21	2	2	8	10	24	14	15	21	22	0	22	17	8	7	14	7	3	2	0	0	22	1	39	16	0	2	21	1
chr4	36	12	23	25	12	7	6	5	17	8	9	9	24	5	13	18	10	5	6	9	6	2	2	4	8	2	3	6	8	5	5	6	27	6	9	14	6	1	4	6	12	1	6	8	6	7	12	2	23	7	5	12	6	4	7	9	19	6	9	4	8	9	8	19
chr4	12	6	9	11	6	7	4	7	7	11	9	7	5	12	12	8	10	7	7	10	12	7	6	12	8	3	8	8	6	11	9	17	8	7	11	9	7	7	8	11	12	10	6	14	9	8	11	13	8	4	7	7	9	16	9	13	8	9	19	12	6	16	16	14
chr4	8	3	26	11	4	2	5	3	17	4	17	50	6	8	26	4	6	3	5	6	6	4	1	4	4	1	2	3	3	0	5	7	26	4	17	25	3	4	0	6	23	3	1	5	45	5	12	8	8	4	40	3	7	5	4	1	28	5	12	12	1	4	14	9
chr4	15	14	7	16	12	13	1	13	8	5	3	10	11	11	12	14	17	10	7	13	12	8	3	11	5	1	4	6	2	8	12	16	10	7	5	13	7	5	2	5	5	4	4	9	9	9	10	11	10	8	7	6	16	7	10	9	17	9	11	14	9	14	17	19
chr4	20	14	11	15	9	8	6	7	9	6	14	10	11	13	10	19	8	11	11	12	13	5	7	9	5	3	3	7	6	12	8	7	13	1	6	10	6	5	1	6	9	2	7	13	15	10	7	8	19	4	11	16	14	16	4	12	7	7	7	10	17	11	6	9
chr4	6	9	14	9	10	11	7	10	22	13	7	5	11	6	13	6	18	12	12	5	13	11	14	7	2	15	7	7	4	13	10	7	11	7	16	13	9	18	6	10	13	6	11	7	9	4	13	3	4	10	5	8	15	5	4	7	10	9	12	10	3	8	5	11
chr4	16	20	25	13	7	14	7	14	16	3	13	17	16	18	6	9	19	10	0	19	20	0	1	8	9	0	3	0	20	0	17	3	37	2	5	7	11	9	0	6	15	7	0	3	5	8	10	2	2	10	19	10	10	6	4	12	11	16	9	5	0	6	8	0
chr4	10	7	12	12	7	7	6	11	9	9	9	7	13	13	8	20	13	9	9	10	8	3	5	9	5	6	2	10	10	9	9	11	11	6	7	14	12	10	7	3	11	4	5	6	9	4	9	9	8	9	6	18	14	5	5	16	13	13	9	8	9	14	17	19
chr4	40	15	21	17	7	4	14	4	15	7	15	13	11	4	15	6	16	3	6	5	4	5	7	6	7	7	11	8	6	2	5	6	27	6	9	10	12	7	7	6	18	9	12	8	12	8	11	6	9	6	14	4	7	6	5	3	12	9	9	8	4	7	7	8
chr4	17	11	7	15	12	7	3	12	11	4	7	15	14	11	9	19	14	6	4	12	3	8	8	11	5	3	3	6	9	10	6	13	9	6	10	12	4	9	0	3	7	4	3	5	13	9	12	8	10	11	16	14	17	6	6	12	14	5	6	16	15	11	14	16
chr4	23	13	7	10	13	5	4	8	4	9	7	3	5	4	11	13	10	12	5	11	7	13	9	13	2	4	10	9	5	7	9	16	12	0	4	6	12	10	7	7	7	8	9	10	9	6	14	12	8	5	7	5	6	14	5	10	9	15	8	19	6	18	17	32
chr4	13	8	14	7	16	3	8	10	14	8	9	7	14	8	15	10	8	13	5	11	2	5	6	9	6	9	11	4	8	4	13	11	12	4	13	10	12	8	11	8	15	5	10	9	12	7	4	9	9	12	6	19	8	6	5	9	4	17	9	12	12	9	9	14
chr4	0	6	1	5	12	21	17	5	0	5	0	9	9	24	2	3	12	27	12	17	14	5	3	24	7	0	6	23	1	15	16	24	0	7	0	1	18	2	3	7	1	6	0	0	18	11	1	12	0	16	1	15	24	18	13	20	0	19	1	10	4	25	11	9
chr4	0	6	0	5	12	22	21	5	0	5	0	7	10	28	3	2	11	32	12	21	17	4	5	22	5	2	5	25	3	20	15	18	0	5	0	2	18	3	0	8	0	4	0	1	17	15	0	9	0	17	0	16	29	19	10	21	2	18	0	8	3	16	10	4
chr4	11	12	10	17	17	6	11	9	10	3	5	9	23	9	16	13	13	11	7	15	8	8	3	6	3	3	7	7	12	6	11	9	9	6	4	11	10	8	1	8	8	9	4	7	11	7	9	6	17	14	6	19	11	3	5	14	9	12	12	10	10	11	7	10
chr4	9	13	6	12	12	16	7	7	10	14	7	5	12	8	6	9	14	14	10	10	17	18	12	12	8	11	5	15	8	12	5	8	8	5	9	4	11	14	10	8	4	7	3	7	10	9	7	7	8	10	11	9	8	11	10	6	4	11	6	6	8	7	9	19
chr4	16	6	10	12	10	7	5	3	8	9	5	8	7	8	20	10	13	5	7	15	13	4	5	12	2	2	13	5	2	8	7	14	8	6	5	10	7	13	6	8	8	9	9	13	12	7	13	14	7	8	8	8	10	10	6	8	11	14	12	20	11	11	17	18
chr4	3	12	12	6	14	8	9	4	23	22	16	19	10	3	5	3	12	8	36	9	11	5	0	10	7	1	5	5	1	13	7	4	17	8	17	4	21	3	5	3	11	7	3	15	12	13	12	14	2	7	15	2	19	10	4	7	5	2	12	12	3	11	7	12
chr4	20	10	17	7	7	9	9	9	13	8	5	9	11	8	17	13	9	9	5	7	8	6	4	4	13	6	5	7	5	6	9	13	18	7	7	17	10	2	12	10	8	8	5	7	13	6	12	3	7	8	5	18	6	5	6	10	15	12	13	11	9	7	13	20
chr4	15	7	10	9	8	5	10	9	10	7	12	11	7	7	12	12	6	6	15	8	5	10	6	7	13	5	7	9	7	7	6	12	14	8	10	11	9	8	13	8	9	16	7	7	9	5	12	13	6	11	5	10	13	5	5	8	12	10	13	12	9	11	17	12
chr4	17	9	16	16	12	13	6	22	15	10	8	13	10	5	13	8	17	19	6	4	22	2	6	1	11	2	4	3	19	6	13	7	17	8	15	7	8	6	2	14	14	5	5	3	9	7	6	4	7	17	9	9	4	9	6	8	7	14	10	7	4	9	6	7
chr5	7	11	9	14	14	3	9	7	6	11	10	13	20	3	7	21	11	6	11	11	12	5	6	3	4	6	10	3	4	8	6	9	6	3	8	9	9	8	4	6	11	7	9	10	17	8	4	13	17	13	12	17	4	10	4	11	5	3	8	16	18	11	15	22
chr5	15	11	14	6	11	8	6	4	4	10	12	11	13	11	3	11	11	7	10	10	9	8	9	6	9	8	6	14	6	6	12	11	10	7	6	8	10	9	7	12	7	12	10	9	12	9	8	9	10	4	7	14	7	7	15	13	12	8	10	4	4	16	11	19
chr5	18	10	14	13	12	8	6	8	11	6	7	14	14	8	10	11	12	5	8	6	7	7	7	7	10	8	9	10	9	5	9	8	13	9	12	11	5	7	13	13	10	10	8	6	7	8	14	6	12	10	4	13	7	6	11	3	13	14	10	6	9	6	10	15
chr5	13	9	12	13	11	2	12	4	11	7	6	6	9	8	14	14	15	7	8	9	9	10	7	1	7	5	7	11	5	4	7	4	9	6	4	13	10	7	6	5	7	7	13	15	12	9	14	15	10	7	6	10	9	8	5	10	7	9	17	17	7	11	15	31
chr5	15	14	9	19	15	9	5	16	5	18	3	6	14	19	13	8	27	13	16	12	16	7	5	11	5	9	1	2	15	15	9	10	8	2	5	3	16	8	5	12	2	5	3	5	8	5	6	1	8	16	2	20	21	15	2	9	6	9	8	7	9	8	2	1
chr5	8	7	9	7	8	4	11	9	11	15	4	7	9	11	8	7	5	10	16	10	10	5	12	3	14	15	6	16	5	13	13	5	8	9	6	9	14	13	17	14	2	8	8	11	12	7	12	12	10	6	6	9	9	8	11	10	5	20	12	8	5	7	12	5
chr5	19	14	12	12	17	6	14	12	14	8	7	6	11	10	7	6	15	6	14	5	5	12	7	11	7	7	12	12	9	10	9	13	11	16	7	10	4	10	8	12	9	8	1	5	5	5	6	10	12	13	2	7	14	6	9	6	14	11	3	3	9	10	9	14
chr5	12	6	5	9	11	12	9	10	7	8	4	17	9	12	7	10	8	16	14	13	13	5	7	8	3	4	7	11	12	5	8	12	5	9	7	2	9	6	4	5	7	5	6	8	11	11	7	19	7	11	10	14	18	10	5	13	6	7	9	12	11	18	12	20
chr5	1	5	9	8	2	4	11	10	15	8	4	11	2	9	15	7	7	4	4	9	4	5	3	8	8	4	2	5	9	9	20	20	15	13	13	8	10	2	1	18	13	9	7	8	7	8	15	15	0	5	12	8	8	9	4	22	13	10	24	20	7	18	17	17
chr5	9	7	10	16	10	8	13	10	15	5	7	14	21	5	13	15	4	7	12	8	3	3	2	7	7	5	9	3	5	2	15	10	15	12	10	12	10	4	1	9	9	7	4	13	12	6	10	11	13	15	9	18	8	0	8	6	18	7	13	9	17	9	9	14
chr5	10	17	6	13	14	9	13	10	11	2	11	7	8	9	17	15	16	8	16	11	7	2	4	4	8	7	8	6	8	5	8	4	12	9	3	17	8	4	7	7	9	10	6	13	7	14	5	11	8	12	6	8	22	2	5	4	13	7	13	11	11	5	15	20
chr6	13	6	9	16	7	8	5	4	9	8	10	10	15	6	16	13	8	5	7	2	4	4	4	8	8	4	6	7	9	7	4	8	10	5	14	8	8	3	9	11	9	6	6	11	12	5	17	13	13	8	7	24	3	5	7	5	11	13	10	20	16	2	17	40
chr6	45	6	19	12	8	3	7	6	15	9	13	8	11	7	9	8	10	5	10	8	10	6	3	9	2	5	11	5	3	8	6	14	18	7	9	6	10	7	8	5	16	9	19	7	8	3	7	12	9	6	8	8	5	12	5	11	7	7	8	10	9	15	10	16
chr6	10	8	10	12	7	6	5	5	5	10	9	10	11	4	9	12	11	4	6	6	5	7	9	10	2	8	5	9	4	5	13	21	10	2	7	3	9	8	5	14	7	7	13	8	11	7	12	19	8	9	11	15	6	10	5	14	8	11	8	22	17	19	15	20
chr6	7	5	12	12	5	4	6	11	7	13	6	7	14	13	6	11	9	11	7	12	13	8	7	6	14	13	8	12	8	16	7	9	9	4	5	12	12	10	17	9	1	16	9	5	9	11	10	7	11	6	9	8	9	12	16	14	8	6	8	13	3	12	12	6
chr6	5	5	7	9	6	9	12	8	3	7	7	6	10	6	9	7	7	10	8	5	11	7	17	5	13	23	11	12	3	9	11	15	4	11	5	8	8	14	20	17	6	9	5	10	9	8	24	5	10	9	3	10	5	10	10	8	6	20	7	19	10	10	8	7
chr6	19	9	16	10	10	6	5	6	13	8	8	6	10	6	19	16	14	5	3	11	7	9	8	7	6	6	6	5	8	5	9	10	16	7	5	16	7	12	4	11	11	7	7	14	7	8	8	9	5	6	11	14	9	4	7	8	14	13	18	7	11	9	15	12
chr7	15	10	16	12	14	9	7	11	11	15	3	10	15	13	11	17	19	10	6	21	15	3	3	7	4	7	3	5	11	8	12	6	12	7	8	12	15	5	3	8	6	2	2	5	8	7	9	5	7	14	9	11	12	11	6	11	18	6	7	9	7	12	8	7
chr7	9	9	13	15	12	8	8	5	14	6	11	10	16	9	21	10	12	9	9	13	13	3	2	6	6	2	5	4	10	3	7	12	14	8	12	15	9	3	5	11	14	11	8	4	3	6	8	10	11	7	7	13	9	10	2	10	15	9	13	10	9	12	11	17
chr7	7	8	3	6	8	16	14	9	5	6	9	3	5	6	10	4	9	18	12	10	15	8	13	8	10	18	10	14	5	8	13	9	3	16	4	7	15	12	19	13	8	21	7	7	4	8	16	9	4	5	4	3	11	8	6	5	7	14	17	13	2	8	12	11
chr7	12	6	10	13	11	5	8	5	9	7	5	11	13	12	12	9	11	9	5	13	6	4	12	7	12	21	7	7	6	12	6	6	9	10	8	8	10	14	15	7	7	8	9	9	11	10	8	10	9	4	9	12	11	6	11	11	7	10	12	12	4	6	15	14
chr7	24	3	9	13	3	3	7	3	8	9	7	8	6	8	16	10	7	1	9	5	2	6	13	7	10	8	10	12	4	10	10	14	11	4	9	11	9	8	9	7	9	7	6	9	9	11	8	16	7	8	5	10	8	11	11	21	8	9	8	15	11	22	7	29
chr7	8	6	5	7	6	7	10	6	7	7	7	10	7	15	7	10	5	6	10	13	11	6	9	12	11	17	18	8	4	5	9	12	3	11	8	14	6	18	21	6	10	13	14	11	12	7	9	8	10	6	8	5	11	7	14	6	8	14	9	8	6	11	14	9
chr7	23	22	13	15	13	21	5	15	21	8	3	6	13	10	5	8	17	6	11	11	16	17	10	12	11	6	0	7	7	13	12	8	18	11	8	8	9	6	3	6	3	1	0	6	10	3	4	7	15	15	6	3	7	11	6	6	10	9	7	5	9	4	10	7
chr7	21	9	19	11	14	2	3	5	14	7	14	11	12	13	9	6	17	5	8	8	4	3	4	5	2	8	2	6	3	11	6	18	12	3	10	9	12	6	4	8	9	6	19	6	10	8	15	9	10	7	9	12	9	5	7	20	9	9	5	19	13	9	12	17
chr7	12	6	7	7	9	5	14	11	4	11	7	4	11	10	10	11	9	7	10	9	6	3	7	7	6	16	12	14	8	10	10	9	5	12	8	11	12	6	15	12	15	8	11	8	8	6	10	10	6	14	1	15	8	9	12	8	11	10	12	8	9	11	11	14
chr7	20	12	14	15	10	7	5	17	10	10	8	5	13	10	12	8	15	11	6	11	10	3	5	5	1	9	3	7	13	9	13	13	16	5	8	6	9	9	3	14	6	5	6	9	9	4	10	8	10	12	5	11	14	4	7	11	18	11	9	10	3	13	13	10
chr7	11	8	19	12	6	5	11	8	11	9	17	9	19	6	8	14	8	4	6	9	8	0	3	6	11	6	4	8	9	4	9	7	17	8	8	7	10	4	10	5	11	9	11	11	16	10	6	9	14	10	13	18	3	8	6	10	7	5	10	13	11	7	12	24
chr7	16	9	14	12	12	12	4	17	12	13	17	11	6	7	14	12	10	9	23	8	17	0	3	2	8	1	1	8	15	5	12	5	16	17	7	11	13	5	8	12	14	9	7	5	8	5	11	6	9	11	9	8	8	5	3	6	16	15	10	6	8	5	10	0
chr8	12	4	8	13	8	5	4	6	10	12	3	13	12	9	8	18	8	3	14	14	13	8	4	10	5	4	3	5	8	19	7	17	9	6	5	7	10	7	2	10	6	7	3	7	14	7	9	6	7	10	11	13	8	15	7	25	6	6	14	12	7	20	14	21
chr8	7	14	13	8	10	8	10	9	7	11	7	9	9	10	9	8	17	8	5	12	12	4	10	10	7	13	6	13	4	10	14	12	10	5	9	8	9	16	7	9	5	8	10	5	13	11	6	7	8	10	7	8	11	8	12	13	13	9	5	10	6	13	8	13
chr8	27	15	10	8	13	4	9	11	9	4	7	9	9	16	6	9	14	7	9	14	8	4	3	7	3	7	4	11	3	10	8	18	14	7	3	5	8	6	1	7	7	4	8	11	15	7	12	8	5	9	7	13	15	8	12	14	10	7	11	11	6	16	13	22
chr8	13	5	7	11	13	9	8	5	6	6	8	6	11	6	22	11	12	14	2	22	9	11	7	8	2	11	7	11	9	3	7	8	4	5	7	7	18	12	8	5	6	8	9	13	11	8	16	8	6	11	10	11	10	3	8	9	9	18	12	13	7	13	7	16
chr8	5	8	12	9	11	11	8	11	2	10	9	5	13	7	14	12	9	11	3	14	9	3	7	14	9	6	5	10	9	12	9	15	9	9	3	10	8	9	6	10	9	9	1	8	7	11	6	11	11	13	8	13	10	10	9	10	11	8	11	12	16	9	13	16
chr8	17	13	14	5	15	14	9	12	12	7	10	6	4	10	12	8	16	22	9	12	18	6	11	4	12	12	2	12	6	3	10	11	13	9	9	10	17	11	16	5	4	10	6	3	4	6	5	9	3	6	3	7	9	8	2	10	12	20	5	3	5	10	13	11
chr8	18	12	9	6	13	11	11	11	6	5	5	6	16	2	6	10	11	8	3	12	10	7	5	20	8	6	8	6	14	9	13	16	2	7	6	6	4	13	4	11	2	10	4	11	8	7	10	12	14	19	4	11	7	11	8	10	4	11	10	14	10	18	10	17
chr8	4	32	1	1	9	35	8	40	7	2	6	4	0	9	8	10	20	17	3	15	26	0	12	5	8	0	11	1	21	9	18	5	13	13	9	7	1	1	0	0	5	0	3	19	9	10	6	9	1	31	6	4	18	7	0	8	22	0	7	10	12	5	7	8
chr8	18	22	7	8	30	20	6	9	10	9	4	10	3	11	3	10	25	18	13	12	24	1	3	10	6	1	4	6	15	10	13	14	10	7	8	0	6	4	6	8	3	5	4	4	4	5	9	11	2	18	5	7	8	13	2	25	6	9	4	10	9	22	4	5
chr8	23	4	22	13	11	2	6	8	25	9	11	10	10	8	13	13	12	3	8	7	5	2	2	3	10	2	5	3	4	5	13	10	24	9	20	9	9	6	4	9	19	8	13	6	12	6	7	6	3	11	5	15	5	2	8	12	7	9	17	12	8	8	12	15
chr9	10	5	7	9	9	3	3	12	10	13	2	14	11	10	7	17	7	6	14	12	10	7	4	10	6	3	3	5	9	19	6	17	9	7	6	7	11	4	2	8	7	5	3	9	16	7	10	8	5	9	12	16	9	17	8	21	6	4	16	13	6	19	16	22
chr9	10	15	11	12	11	7	9	11	8	9	7	8	10	11	9	11	19	11	7	11	15	8	6	12	4	11	4	9	6	9	15	10	9	2	7	10	11	16	4	7	4	7	10	6	11	8	8	6	9	10	7	8	11	10	9	11	12	11	6	10	7	13	7	15
chr9	16	8	14	17	11	8	9	4	11	4	8	7	8	15	7	17	12	13	6	18	11	10	6	4	6	11	7	7	2	9	7	11	16	4	7	4	8	5	12	6	11	7	11	10	8	12	10	4	10	7	3	8	19	8	4	15	3	9	13	10	10	10	11	19
chr9	41	19	8	12	15	9	6	10	8	9	5	3	14	7	26	6	19	11	7	10	11	7	7	1	7	3	4	10	8	2	6	3	9	4	5	19	15	4	10	4	7	11	7	4	10	5	24	7	10	6	5	12	6	6	2	4	15	10	13	29	1	4	11	5
chr9	29	11	15	10	8	4	8	7	20	6	17	13	12	6	9	7	9	5	10	6	7	5	5	8	8	5	9	5	7	2	8	12	17	6	20	9	12	8	7	7	19	10	8	7	13	5	14	5	11	5	11	9	3	8	7	7	5	13	10	12	3	12	9	13
chr9	15	13	8	12	10	8	7	8	14	6	5	16	20	16	10	14	10	6	7	14	10	2	2	2	8	6	4	2	10	6	10	10	10	7	10	17	6	1	1	11	10	2	1	9	8	7	7	13	13	7	15	17	11	5	10	15	13	5	12	8	14	12	11	19
chr9	9	10	10	6	10	6	6	4	7	20	23	8	4	12	4	11	8	1	25	11	9	1	2	8	4	6	6	6	8	9	9	14	10	8	15	5	18	6	8	13	19	8	16	16	11	4	13	6	8	7	7	9	8	7	6	15	9	11	14	4	8	11	12	9
chr9	0	0	14	0	0	0	0	14	45	45	1	24	0	0	5	1	0	0	29	0	0	0	0	0	0	1	1	0	3	0	29	15	15	0	49	6	15	0	1	33	24	0	4	26	25	0	10	15	0	14	23	0	14	0	1	0	1	2	48	0	9	15	7	14
chr9	20	15	13	14	9	10	5	9	13	6	8	12	12	9	7	17	18	6	13	8	14	5	2	11	5	2	1	6	8	8	5	21	13	5	7	5	9	4	4	5	2	7	3	4	7	8	3	12	11	7	6	18	13	13	2	18	10	7	4	8	15	21	14	21
