Chromosome	A	C	G	T
chr1	210	125	104	161
chr1	163	104	159	174
chr1	191	88	121	200
chr1	123	201	118	158
chr1	186	132	118	164
chr1	196	84	156	164
chr1	172	115	97	216
chr1	158	147	106	189
chr1	189	132	99	180
chr1	174	113	136	177
chr1	186	112	122	180
chr1	184	113	110	193
chr1	166	131	124	179
chr1	142	180	76	202
chr1	174	125	115	186
chr1	147	132	137	184
chr1	173	128	125	174
chr1	187	124	111	178
chr10	139	170	101	190
chr10	175	129	121	175
chr10	213	110	122	155
chr10	195	105	104	196
chr10	171	125	107	197
chr10	127	100	153	220
chr10	155	130	118	197
chr10	159	127	129	185
chr10	130	160	115	195
chr10	179	118	127	176
chr10	264	94	95	147
chr10	194	129	97	180
chr10	186	122	113	179
chr10	145	135	146	174
chr10	163	139	146	152
chr10	172	119	152	157
chr10	158	126	161	155
chr10	131	174	158	137
chr10	152	118	149	181
chr10	180	139	101	180
chr10	186	118	100	196
chr10	178	113	105	204
chr10	191	104	155	150
chr10	172	144	111	173
chr10	182	141	95	182
chr10	194	123	133	150
chr10	178	120	142	160
chr10	213	82	174	131
chr10	171	55	217	157
chr10	177	108	147	168
chr11	200	85	115	200
chr11	155	117	124	204
chr11	180	90	110	220
chr11	153	108	137	202
chr11	135	135	181	149
chr11	136	135	162	167
chr11	156	158	156	130
chr11	195	122	117	166
chr11	170	160	133	137
chr11	164	170	138	128
chr11	215	122	101	162
chr11	154	115	143	188
chr11	133	143	168	156
chr11	169	110	109	212
chr11	159	145	116	180
chr11	187	186	97	130
chr11	205	91	169	135
chr11	129	132	117	222
chr11	147	141	136	176
chr11	172	139	147	142
chr11	173	137	130	160
chr11	194	110	119	177
chr11	206	117	116	161
chr11	196	124	108	172
chr12	193	181	58	168
chr12	149	154	104	193
chr12	168	133	119	180
chr12	174	111	117	198
chr12	192	119	109	180
chr12	164	124	137	175
chr12	180	135	108	177
chr12	127	149	127	197
chr12	154	139	120	187
chr12	140	176	105	179
chr12	148	109	149	194
chr12	164	140	107	189
chr12	173	121	91	215
chr12	198	103	112	187
chr12	178	108	123	191
chr12	146	121	125	208
chr12	162	143	140	155
chr12	180	155	142	123
chr12	164	94	180	162
chr12	140	135	170	155
chr12	209	116	116	159
chr12	130	161	193	116
chr12	157	132	122	189
chr12	150	147	136	167
chr12	214	100	99	187
chr12	189	111	94	206
chr12	187	116	140	157
chr12	166	154	153	127
chr12	146	177	97	180
chr12	164	184	117	135
chr12	188	110	113	189
chr12	195	109	106	190
chr12	145	140	118	197
chr12	166	105	127	202
chr12	98	177	136	189
chr12	183	125	133	159
chr12	153	92	196	159
chr12	145	86	215	154
chr12	105	170	124	201
chr12	170	125	147	158
chr12	202	136	117	145
chr12	213	94	135	158
chr12	220	114	104	162
chr12	171	115	87	227
chr12	217	86	111	186
chr12	192	130	103	175
chr12	213	83	136	168
chr12	132	147	151	170
chr12	160	128	129	183
chr12	159	127	95	219
chr12	203	118	103	176
chr13	134	125	117	224
chr13	167	95	162	176
chr13	172	135	126	167
chr13	171	101	127	201
chr13	231	105	85	179
chr13	182	98	116	204
chr13	191	121	123	165
chr13	143	141	105	211
chr13	146	135	135	184
chr13	165	137	111	187
chr13	182	125	140	153
chr13	188	109	149	154
chr13	182	122	131	165
chr13	146	109	141	204
chr13	158	109	148	185
chr13	168	115	113	204
chr13	166	141	87	206
chr13	211	105	99	185
chr13	257	95	98	150
chr13	174	122	109	195
chr13	148	127	104	221
chr13	181	129	114	176
chr13	150	160	165	125
chr13	187	142	89	182
chr13	152	133	108	207
chr13	164	115	135	186
chr13	169	126	142	163
chr13	187	120	109	184
chr13	182	118	135	165
chr13	225	105	139	131
chr13	215	122	117	146
chr13	155	115	146	184
chr13	204	110	105	181
chr13	168	136	150	146
chr13	211	117	112	160
chr14	176	157	85	182
chr14	171	166	72	191
chr14	178	177	103	142
chr14	165	144	146	145
chr14	159	162	89	190
chr14	217	95	147	141
chr14	188	108	109	195
chr14	192	135	121	152
chr14	174	205	117	104
chr14	165	117	152	166
chr14	148	113	170	169
chr14	192	118	118	172
chr14	202	136	118	144
chr14	201	134	102	163
chr14	136	183	130	151
chr14	120	112	173	195
chr14	158	130	139	173
chr14	179	150	140	131
chr14	141	136	149	174
chr14	193	102	140	165
chr14	202	140	95	163
chr14	214	137	101	148
chr14	216	114	99	171
chr14	171	129	121	179
chr14	168	127	113	192
chr14	173	142	111	174
chr14	174	94	154	178
chr14	171	98	121	210
chr14	174	122	122	182
chr14	188	142	86	184
chr14	139	134	134	193
chr14	132	144	115	209
chr14	187	121	115	177
chr14	189	127	125	159
chr14	177	115	108	200
chr14	165	134	119	182
chr14	182	129	97	192
chr14	177	123	114	186
chr14	167	44	217	172
chr15	179	252	40	129
chr15	208	112	89	191
chr15	166	141	116	177
chr15	132	118	123	227
chr15	160	111	133	196
chr15	170	138	121	171
chr15	217	98	103	182
chr15	172	99	137	192
chr15	160	120	112	208
chr15	163	135	122	180
chr15	195	85	180	140
chr15	183	172	114	131
chr15	160	164	170	106
chr15	171	166	127	136
chr15	184	119	122	175
chr15	181	117	119	183
chr15	168	126	152	154
chr15	160	232	99	109
chr15	200	152	123	125
chr15	220	127	125	128
chr15	193	142	98	167
chr15	207	115	154	124
chr15	135	153	154	158
chr15	164	96	125	215
chr15	183	87	130	200
chr15	146	129	158	167
chr15	196	152	98	154
chr15	203	85	120	192
chr15	157	150	130	163
chr15	154	139	137	170
chr15	205	93	121	181
chr15	190	109	146	155
chr15	160	106	84	250
chr15	177	123	107	193
chr16	175	128	91	206
chr16	164	95	109	232
chr16	173	117	133	177
chr16	167	113	134	186
chr16	193	113	96	198
chr16	194	113	113	180
chr16	164	96	139	201
chr16	211	121	127	141
chr16	183	108	126	183
chr16	152	149	156	143
chr16	218	91	118	173
chr16	216	109	119	156
chr16	179	112	163	146
chr16	150	124	154	172
chr16	158	142	134	166
chr16	154	171	119	156
chr16	180	121	130	169
chr16	200	115	122	163
chr16	150	134	155	161
chr16	182	154	99	165
chr16	201	145	98	156
chr16	227	107	122	144
chr16	165	107	111	217
chr16	155	173	118	154
chr16	163	111	157	169
chr16	190	143	96	171
chr16	167	129	129	175
chr16	192	115	113	180
chr16	106	153	160	181
chr16	149	135	115	201
chr16	200	103	111	186
chr16	180	84	171	165
chr2	174	163	82	181
chr2	152	162	96	190
chr2	109	94	202	195
chr2	168	126	113	193
chr2	164	126	135	175
chr2	128	117	165	190
chr2	186	143	123	148
chr2	170	123	147	160
chr2	185	150	138	127
chr2	156	151	151	142
chr2	172	130	137	161
chr2	187	132	104	177
chr2	206	100	111	183
chr2	203	118	112	167
chr2	178	96	106	220
chr2	185	115	107	193
chr2	187	108	109	196
chr2	166	133	132	169
chr2	161	188	111	140
chr2	153	120	132	195
chr2	171	187	127	115
chr2	153	109	157	181
chr2	197	117	121	165
chr2	150	143	115	192
chr2	193	113	99	195
chr2	147	137	128	188
chr2	159	154	94	193
chr3	199	106	128	167
chr3	220	115	136	129
chr3	190	127	114	169
chr3	172	118	139	171
chr3	169	123	121	187
chr3	163	135	113	189
chr3	215	107	126	152
chr3	193	102	98	207
chr3	147	118	128	207
chr3	134	131	121	214
chr3	171	107	128	194
chr3	177	139	93	191
chr3	188	138	111	163
chr3	174	84	143	199
chr3	204	129	66	201
chr3	167	134	103	196
chr3	158	173	85	184
chr3	196	123	113	168
chr3	186	117	102	195
chr3	183	112	112	193
chr3	167	130	127	176
chr3	201	116	120	163
chr3	198	65	137	200
chr4	165	112	114	209
chr4	197	100	106	197
chr4	199	106	110	185
chr4	180	126	145	149
chr4	181	137	118	164
chr4	138	133	160	169
chr4	153	119	126	202
chr4	163	112	127	198
chr4	220	100	117	163
chr4	155	131	129	185
chr4	136	156	111	197
chr4	172	119	134	175
chr4	177	85	170	168
chr4	154	153	118	175
chr4	182	120	125	173
chr4	181	92	116	211
chr4	153	147	172	128
chr4	167	111	115	207
chr4	163	118	122	197
chr4	172	107	146	175
chr4	235	102	103	160
chr4	227	109	108	156
chr4	221	122	105	152
chr4	221	114	120	145
chr4	159	127	127	187
chr4	117	124	187	172
chr4	204	92	123	181
chr4	168	117	127	188
chr4	178	99	123	200
chr4	161	178	117	144
chr4	137	153	114	196
chr4	174	127	107	192
chr4	190	94	108	208
chr4	181	115	108	196
chr4	184	117	110	189
chr4	237	88	127	148
chr4	206	86	121	187
chr4	213	89	111	187
chr4	164	126	110	200
chr4	184	126	96	194
chr4	188	117	103	192
chr4	171	114	130	185
chr4	142	115	84	259
chr4	160	125	122	193
chr4	141	138	87	234
chr4	223	123	105	149
chr4	213	107	133	147
chr4	178	105	130	187
chr4	184	146	113	157
chr4	125	194	94	187
chr4	171	142	117	170
chr4	155	173	125	147
chr4	158	143	120	179
chr4	146	129	148	177
chr4	154	148	140	158
chr4	217	97	113	173
chr5	174	166	91	169
chr5	132	96	167	205
chr5	158	119	134	189
chr5	156	146	142	156
chr5	184	157	123	136
chr5	171	122	161	146
chr5	156	116	156	172
chr5	176	126	109	189
chr5	136	160	162	142
chr5	99	147	183	171
chr5	148	147	115	190
chr5	184	133	135	148
chr5	199	111	107	183
chr5	118	135	177	170
chr5	131	142	150	177
chr5	125	175	155	145
chr5	141	118	166	175
chr5	155	144	131	170
chr5	171	126	112	191
chr5	193	102	103	202
chr5	172	138	102	188
chr5	194	111	124	171
chr6	115	125	172	188
chr6	136	119	135	210
chr6	178	149	124	149
chr6	193	112	112	183
chr6	154	97	147	202
chr6	163	165	130	142
chr6	199	104	113	184
chr6	212	114	156	118
chr6	160	116	94	230
chr6	174	124	94	208
chr6	197	117	126	160
chr6	135	125	149	191
chr6	127	171	125	177
chr6	196	126	137	141
chr6	166	144	124	166
chr6	196	105	152	147
chr6	255	88	103	154
chr7	177	144	93	186
chr7	162	138	123	177
chr7	187	140	122	151
chr7	160	133	145	162
chr7	187	127	102	184
chr7	178	115	146	161
chr7	170	115	108	207
chr7	119	176	173	132
chr7	187	103	144	166
chr7	195	150	106	149
chr7	186	143	140	131
chr7	139	155	159	147
chr7	204	115	104	177
chr7	171	141	123	165
chr7	152	142	105	201
chr7	119	170	119	192
chr7	148	124	143	185
chr7	190	133	135	142
chr7	152	122	115	211
chr7	199	99	132	170
chr7	191	128	126	155
chr7	187	130	128	155
chr7	116	153	147	184
chr7	131	153	174	142
chr7	188	160	123	129
chr7	159	109	119	213
chr7	201	156	94	149
chr7	226	105	114	155
chr7	200	102	126	172
chr7	171	94	111	224
chr7	165	115	139	181
chr7	168	134	128	170
chr7	239	112	145	104
chr7	227	105	120	148
chr7	141	141	159	159
chr7	161	151	141	147
chr7	175	137	115	173
chr7	178	128	119	175
chr7	188	119	114	179
chr8	146	143	116	195
chr8	147	165	115	173
chr8	209	104	80	207
chr8	212	149	98	141
chr8	173	114	94	219
chr8	179	99	112	210
chr8	149	127	113	211
chr8	142	136	141	181
chr8	148	140	137	175
chr8	152	161	157	130
chr8	160	153	139	148
chr8	214	98	112	176
chr8	164	153	109	174
chr8	143	146	129	182
chr8	176	157	136	131
chr8	171	128	108	193
chr8	141	160	120	179
chr8	169	143	113	175
chr8	171	118	117	194
chr8	184	156	119	141
chr8	133	146	137	184
chr8	197	103	109	191
chr8	187	118	127	168
chr8	200	181	112	107
chr9	190	109	120	181
chr9	183	125	133	159
chr9	133	161	167	139
chr9	145	125	128	202
chr9	189	96	173	142
chr9	135	135	108	222
chr9	195	108	100	197
chr9	161	142	133	164
chr9	177	107	163	153
chr9	188	104	169	139
chr9	160	116	136	188
chr9	172	111	148	169
chr9	123	158	116	203
chr9	200	82	159	159
chr9	144	86	191	179
chr9	175	114	134	177
chr9	180	123	125	172
chr9	186	112	116	186
