Chromosome	AA	AC	AG	AT	CA	CC	CG	CT	GA	GC	GG	GT	TA	TC	TG	TT
chr1	78	35	44	53	51	35	13	26	33	26	15	29	48	29	32	52
chr1	46	34	42	41	39	23	19	22	35	17	38	69	43	30	60	41
chr1	72	22	39	58	27	18	15	28	40	24	18	39	52	24	49	74
chr1	19	42	19	43	66	58	29	47	15	47	25	31	23	54	45	36
chr1	51	43	35	56	42	32	20	38	40	23	26	29	52	34	37	41
chr1	57	31	55	52	22	11	18	33	67	19	32	38	50	23	51	40
chr1	52	24	36	60	45	16	12	42	21	27	16	33	53	48	33	81
chr1	47	22	32	56	49	37	22	39	32	21	21	32	30	66	31	62
chr1	65	41	34	48	45	21	17	49	29	26	14	30	49	44	34	53
chr1	46	29	38	61	41	19	18	35	46	26	32	31	41	39	48	49
chr1	61	33	38	53	37	23	21	31	45	20	27	30	43	36	36	65
chr1	67	32	36	48	39	15	12	47	28	27	25	30	49	39	37	68
chr1	47	50	27	42	42	27	19	42	34	16	33	41	43	38	45	53
chr1	35	43	23	41	62	37	14	67	18	17	8	32	27	83	31	61
chr1	55	41	35	42	39	17	23	46	30	34	14	37	49	33	43	61
chr1	42	26	45	34	32	28	33	39	40	37	26	34	33	41	33	76
chr1	61	40	24	48	44	32	24	28	38	22	28	36	30	33	49	62
chr1	65	51	29	41	40	26	20	38	42	14	19	36	40	33	42	63
chr10	30	38	29	42	50	46	17	56	23	33	12	33	36	53	43	58
chr10	49	39	45	42	55	18	24	32	35	33	21	31	35	39	31	70
chr10	77	39	41	55	37	24	22	27	44	27	24	27	54	20	35	46
chr10	81	21	35	57	42	17	12	34	28	23	15	38	44	44	41	67
chr10	50	31	31	58	44	31	17	33	32	13	24	38	45	49	35	68
chr10	32	15	29	51	25	17	19	39	30	33	38	52	40	34	67	78
chr10	51	28	29	46	38	23	20	49	25	28	30	35	40	51	39	67
chr10	48	27	40	44	34	33	19	41	42	25	29	33	34	42	41	67
chr10	37	27	19	47	41	38	30	51	18	42	19	36	34	52	47	61
chr10	73	26	34	46	29	18	30	41	40	24	34	29	37	49	29	60
chr10	123	40	38	63	48	13	15	18	51	7	14	22	42	34	27	44
chr10	65	45	33	51	41	30	21	37	40	17	16	23	48	37	27	68
chr10	59	41	32	54	49	21	13	39	37	26	27	23	41	34	41	62
chr10	34	26	36	49	49	25	27	34	24	44	32	45	38	40	51	45
chr10	39	38	46	40	50	26	23	40	37	41	40	28	36	34	37	44
chr10	41	43	42	46	52	15	17	35	47	33	43	28	32	28	50	47
chr10	47	29	36	45	42	28	19	37	41	38	53	29	28	31	53	43
chr10	27	45	31	28	46	47	43	38	35	50	39	33	23	31	45	38
chr10	37	36	31	47	33	20	20	45	37	30	48	34	45	32	50	54
chr10	65	39	28	48	49	34	18	38	30	20	22	29	35	46	33	65
chr10	62	30	31	62	37	24	19	38	31	22	18	29	56	42	31	67
chr10	57	30	29	62	38	18	15	42	33	16	18	38	50	48	43	62
chr10	56	29	60	45	34	25	17	28	59	24	42	30	42	25	36	47
chr10	53	39	33	47	39	32	29	43	28	38	19	26	52	34	30	57
chr10	68	39	24	51	41	43	15	41	24	24	24	23	49	35	31	67
chr10	83	34	37	40	35	24	26	38	42	36	26	29	34	29	44	42
chr10	55	30	45	48	48	18	19	35	31	37	37	37	44	35	40	40
chr10	70	29	81	32	33	10	12	27	80	18	38	38	30	25	43	33
chr10	35	23	97	16	19	3	11	22	66	17	46	87	50	12	63	32
chr10	57	32	38	49	36	23	14	35	43	27	45	32	41	25	50	52
chr11	76	21	34	69	32	13	13	26	42	17	23	33	50	34	44	72
chr11	51	28	33	43	32	14	19	51	37	27	24	36	35	48	48	73
chr11	50	27	27	76	27	11	15	37	39	20	31	20	63	32	37	87
chr11	41	29	25	58	40	17	13	38	26	32	41	38	45	30	58	68
chr11	32	26	35	41	37	30	46	22	41	39	51	50	25	40	48	36
chr11	26	31	37	42	28	28	40	39	56	34	37	34	25	42	48	52
chr11	42	39	35	39	46	39	37	36	37	42	44	33	31	38	39	22
chr11	68	40	41	45	48	23	13	38	30	19	31	37	49	40	32	45
chr11	55	40	32	42	52	43	33	32	26	51	34	22	36	26	34	41
chr11	53	36	33	41	46	45	40	39	26	56	38	18	39	32	27	30
chr11	90	37	37	51	41	31	11	38	43	19	15	24	40	35	38	49
chr11	40	25	41	48	34	26	24	31	38	31	34	40	42	33	43	69
chr11	31	36	39	27	39	31	34	38	37	33	47	51	26	42	48	40
chr11	44	25	40	60	28	20	16	45	34	19	15	41	63	46	38	65
chr11	50	29	22	58	43	22	33	47	34	37	16	29	32	57	45	45
chr11	57	73	30	26	72	40	20	54	19	37	17	24	39	36	29	26
chr11	65	24	65	50	33	17	16	25	69	32	37	31	37	18	51	29
chr11	27	20	26	56	35	29	17	51	25	34	18	40	42	49	56	74
chr11	36	28	38	45	48	41	20	31	30	37	29	40	33	35	49	59
chr11	66	34	41	31	37	42	29	30	41	37	36	33	28	26	40	48
chr11	57	32	45	39	42	32	25	38	43	31	23	32	31	42	37	50
chr11	74	25	40	55	37	25	17	31	39	23	16	40	43	37	46	51
chr11	79	37	40	50	42	37	14	24	35	22	26	33	50	21	36	53
chr11	66	28	42	60	39	31	13	40	37	26	17	28	54	38	36	44
chr12	62	74	15	42	59	50	14	57	14	19	6	19	57	38	23	50
chr12	42	27	31	49	39	43	18	54	30	27	19	28	37	57	36	62
chr12	50	28	34	56	41	34	20	38	28	32	32	27	49	39	33	58
chr12	48	33	40	53	44	17	16	33	36	18	21	42	46	43	39	70
chr12	67	26	38	61	44	31	16	28	33	23	22	31	48	39	32	60
chr12	46	29	42	47	36	29	22	37	39	26	36	36	42	40	37	55
chr12	53	37	36	54	50	32	13	40	31	23	24	30	46	42	35	53
chr12	38	21	30	38	32	37	28	52	31	33	31	32	25	58	38	75
chr12	41	30	30	52	41	31	24	43	27	25	25	43	44	53	41	49
chr12	37	34	31	38	57	38	23	57	25	31	18	31	21	72	33	53
chr12	45	26	33	44	28	18	24	39	31	35	41	42	44	30	50	69
chr12	48	30	26	60	41	39	30	30	32	26	18	31	43	45	33	67
chr12	61	25	33	53	39	18	20	44	24	16	16	35	49	62	22	82
chr12	71	31	36	60	38	21	16	28	35	19	20	37	54	32	40	61
chr12	57	29	35	57	43	23	17	25	30	28	29	36	47	28	42	73
chr12	32	21	33	60	36	29	12	43	29	17	37	42	49	54	43	62
chr12	49	37	39	37	40	34	29	40	37	36	28	39	36	36	43	39
chr12	51	47	46	36	60	35	30	30	36	45	31	29	32	28	35	28
chr12	56	27	54	26	24	16	24	30	48	29	50	53	36	21	52	53
chr12	36	33	41	30	31	35	33	36	38	39	44	48	35	28	52	40
chr12	62	44	44	59	52	24	12	28	47	21	26	22	47	27	34	50
chr12	22	36	47	25	36	34	62	29	48	69	42	34	24	22	42	27
chr12	45	24	39	49	37	34	20	40	36	25	30	31	39	48	33	69
chr12	33	37	30	50	42	41	33	30	35	27	33	41	40	42	40	45
chr12	83	37	32	61	41	21	10	28	31	19	21	28	58	23	36	70
chr12	74	26	26	63	38	19	19	35	32	26	13	23	44	40	36	85
chr12	64	27	47	48	41	26	19	30	47	30	30	33	35	33	44	45
chr12	50	38	48	30	41	43	35	35	50	41	33	29	24	32	37	33
chr12	43	38	25	40	48	47	31	51	23	32	19	23	32	60	22	65
chr12	46	40	33	45	60	62	29	33	41	33	19	24	17	48	36	33
chr12	56	39	29	63	38	20	14	38	45	15	24	29	49	36	45	59
chr12	64	31	31	69	30	30	23	25	41	18	19	28	59	30	33	68
chr12	44	36	27	37	39	36	21	44	27	29	20	42	34	39	50	74
chr12	51	26	39	50	31	16	18	40	39	23	29	36	45	40	40	76
chr12	20	35	21	22	32	35	54	56	24	53	27	32	22	54	34	78
chr12	60	36	39	47	38	31	28	28	34	38	26	35	51	20	39	49
chr12	34	24	53	42	27	19	19	26	57	25	71	43	34	24	53	48
chr12	38	18	50	39	25	15	17	29	58	38	77	41	24	15	70	45
chr12	19	23	16	46	38	46	33	53	15	46	20	43	33	54	55	59
chr12	58	40	36	36	34	22	39	30	40	36	36	35	38	27	35	57
chr12	71	42	41	48	57	31	12	36	42	24	28	23	31	39	36	38
chr12	88	27	49	48	32	22	16	24	57	20	32	26	36	25	38	59
chr12	84	39	41	56	44	23	13	33	50	20	15	19	42	32	34	54
chr12	54	28	29	59	40	18	14	43	26	18	10	33	51	51	34	91
chr12	82	29	33	72	32	16	12	26	51	12	29	19	52	29	37	68
chr12	64	38	35	55	45	31	22	31	36	25	16	26	47	35	30	63
chr12	83	33	40	57	28	13	18	24	47	17	36	36	54	20	42	51
chr12	48	29	29	26	31	36	32	48	28	46	28	48	25	36	62	47
chr12	60	20	32	48	35	34	20	39	28	35	28	37	37	39	49	58
chr12	45	29	26	59	39	29	11	48	23	21	22	29	52	48	36	82
chr12	77	38	32	56	38	30	13	37	36	20	17	30	51	30	41	53
chr13	45	19	24	46	26	28	30	41	18	41	23	35	45	37	39	102
chr13	51	21	48	46	32	14	22	27	45	28	47	42	39	32	45	60
chr13	47	39	34	51	43	36	22	34	30	30	27	39	52	30	43	42
chr13	57	26	34	53	37	26	11	27	37	22	32	36	39	27	50	85
chr13	94	40	28	69	39	22	12	32	37	12	14	22	61	31	31	55
chr13	65	25	30	62	34	24	14	26	42	13	24	37	40	36	48	79
chr13	72	35	37	47	42	30	15	33	34	31	29	29	42	25	42	56
chr13	41	27	27	48	42	33	16	49	23	27	23	32	37	54	39	81
chr13	33	23	41	49	41	31	18	44	38	37	27	33	34	44	49	57
chr13	53	36	31	45	35	37	15	50	30	23	25	32	46	41	40	60
chr13	59	39	40	44	41	28	25	30	46	31	27	36	35	27	48	43
chr13	69	28	52	39	30	22	26	30	43	35	38	33	46	24	33	51
chr13	65	35	33	49	35	27	34	26	37	27	31	36	45	32	33	54
chr13	50	21	32	43	24	29	22	33	36	29	29	47	36	29	58	81
chr13	52	26	45	35	34	31	13	30	39	28	28	53	32	24	62	67
chr13	48	24	38	58	38	28	11	37	37	14	32	30	45	49	32	78
chr13	54	25	25	61	51	19	23	48	25	22	13	27	36	75	25	70
chr13	78	25	37	71	35	18	17	35	34	24	13	28	63	38	32	51
chr13	118	35	42	62	46	15	14	20	50	21	13	14	42	24	29	54
chr13	66	33	30	44	42	23	14	43	29	21	27	32	37	45	38	75
chr13	39	24	32	53	40	30	14	42	18	23	22	41	51	50	35	85
chr13	53	41	37	50	40	23	20	45	37	33	17	27	51	32	40	53
chr13	39	48	28	35	44	30	58	28	32	55	42	35	35	26	37	27
chr13	63	36	41	47	43	34	15	50	31	20	11	26	49	52	22	59
chr13	44	33	24	51	39	34	22	37	19	21	19	49	50	45	43	69
chr13	63	25	36	40	30	21	31	32	31	29	36	39	40	39	32	75
chr13	66	25	34	44	32	30	32	31	32	46	28	36	39	24	48	52
chr13	64	27	31	65	50	27	11	32	29	24	24	32	44	41	43	55
chr13	53	39	40	50	39	20	26	33	43	26	36	29	46	33	33	53
chr13	82	34	52	57	35	23	20	27	64	21	30	23	44	26	37	24
chr13	82	38	47	48	38	23	19	41	53	16	29	19	41	45	22	38
chr13	39	27	38	51	29	28	22	35	45	26	34	41	42	34	52	56
chr13	79	35	33	57	43	22	15	30	32	27	22	24	50	26	34	70
chr13	45	30	45	47	36	37	27	36	58	32	34	26	28	37	44	37
chr13	72	41	36	62	41	20	20	35	39	23	27	23	59	33	28	40
chr14	53	39	27	56	55	45	10	47	23	24	14	24	45	48	34	55
chr14	38	55	27	51	62	27	11	66	12	20	10	30	59	64	24	43
chr14	48	50	33	47	68	42	29	37	29	33	20	21	33	52	20	37
chr14	48	37	36	44	47	32	36	28	36	39	33	38	34	35	41	35
chr14	41	43	22	53	49	45	17	50	16	32	17	24	52	42	33	63
chr14	87	26	49	55	39	16	18	22	59	24	40	23	31	29	40	41
chr14	62	32	31	62	37	25	15	31	39	16	22	32	50	35	40	70
chr14	68	41	31	51	45	26	27	37	42	31	25	23	37	37	37	41
chr14	51	48	35	40	76	70	27	32	17	48	33	18	29	39	22	14
chr14	43	31	43	48	43	31	16	27	37	32	41	41	41	23	52	50
chr14	45	26	30	47	20	16	44	33	50	33	51	36	33	37	45	53
chr14	60	45	34	53	39	21	27	31	40	27	24	27	53	24	33	61
chr14	65	45	40	52	47	37	25	27	41	20	27	30	49	33	26	35
chr14	74	32	36	58	43	26	17	48	35	33	14	20	49	43	35	36
chr14	33	37	19	46	48	51	47	37	25	50	28	27	30	44	36	41
chr14	25	28	28	39	32	25	18	37	25	32	55	61	38	27	71	58
chr14	41	25	40	52	31	37	29	32	35	37	36	31	51	31	34	57
chr14	48	41	50	40	45	42	25	37	49	32	27	32	37	34	38	22
chr14	37	41	23	40	37	29	25	45	35	31	43	40	32	35	57	49
chr14	60	24	45	63	38	22	17	25	50	24	32	34	45	32	45	43
chr14	62	41	38	61	60	30	14	35	31	22	15	27	48	47	28	40
chr14	78	44	35	57	60	30	16	31	37	26	17	20	39	37	33	39
chr14	72	44	26	74	48	25	18	23	46	15	17	21	49	30	38	53
chr14	64	29	39	38	33	26	21	49	35	26	35	25	39	48	26	66
chr14	54	31	24	59	51	30	17	29	24	13	28	48	39	53	43	56
chr14	46	42	28	57	50	30	23	39	41	25	19	26	36	44	41	52
chr14	49	25	39	61	36	20	9	29	45	21	45	42	44	28	60	46
chr14	59	22	33	56	30	18	16	34	36	19	28	38	46	39	44	81
chr14	56	31	30	57	40	23	23	36	32	33	25	32	46	35	43	57
chr14	57	45	29	57	50	32	17	43	26	19	17	24	55	46	23	59
chr14	39	21	35	44	29	29	28	48	36	30	25	42	35	54	46	58
chr14	37	29	23	43	34	39	15	56	32	22	30	31	28	54	47	79
chr14	66	34	40	47	38	26	16	40	35	23	24	33	48	38	34	57
chr14	66	38	30	55	41	31	22	33	39	23	37	26	43	35	36	44
chr14	62	23	31	61	32	24	18	41	32	24	15	37	51	44	44	60
chr14	55	48	27	35	44	30	16	43	31	20	24	44	35	35	52	60
chr14	48	42	37	55	50	24	9	46	29	23	13	31	55	39	38	60
chr14	59	33	41	43	46	24	8	45	32	30	23	29	39	36	42	69
chr14	38	12	55	62	20	7	13	4	43	18	78	77	65	7	71	29
chr15	26	104	4	44	98	93	12	49	6	16	5	13	48	39	19	23
chr15	65	39	29	74	43	19	18	32	30	12	9	38	70	42	32	47
chr15	49	47	31	39	59	30	17	35	32	14	26	44	26	50	42	58
chr15	25	28	21	58	40	27	15	36	26	22	35	40	41	41	52	92
chr15	50	28	26	56	25	23	28	35	37	20	34	42	48	40	45	62
chr15	43	45	33	49	45	31	24	38	37	21	26	36	45	41	38	47
chr15	105	23	35	54	38	18	12	30	34	20	20	28	39	37	36	70
chr15	68	29	28	46	28	19	22	30	39	24	36	38	37	27	50	78
chr15	43	25	27	65	36	28	23	33	40	23	13	35	41	44	49	74
chr15	54	32	32	45	39	37	21	38	22	23	29	48	48	43	40	48
chr15	45	26	65	59	26	15	29	15	93	23	34	30	31	20	52	36
chr15	51	44	43	44	72	41	18	41	28	43	24	19	31	44	29	27
chr15	41	54	42	23	42	37	62	23	56	44	35	35	21	29	30	25
chr15	46	49	34	42	52	43	38	33	43	36	25	23	30	38	30	37
chr15	51	31	42	59	35	34	14	36	39	23	35	25	59	31	31	54
chr15	54	41	33	53	41	16	21	38	37	28	24	30	49	32	41	61
chr15	63	28	36	41	34	25	34	33	30	38	35	49	41	34	47	31
chr15	40	60	35	25	78	85	21	47	21	40	19	19	21	46	24	18
chr15	67	41	40	51	58	47	20	27	28	38	32	25	47	26	31	21
chr15	78	44	51	47	52	36	16	22	46	23	24	32	44	24	33	27
chr15	72	36	28	56	41	37	23	41	33	27	18	20	47	41	29	50
chr15	86	40	44	36	34	24	38	19	45	34	43	32	41	17	29	37
chr15	31	36	28	39	43	33	43	34	28	46	33	47	33	38	50	37
chr15	40	30	27	66	28	11	19	38	34	23	26	42	62	32	53	68
chr15	65	22	29	66	21	10	23	33	48	21	23	38	49	34	54	63
chr15	37	30	31	48	33	26	33	36	40	44	47	27	35	29	47	56
chr15	58	58	24	56	48	41	19	44	43	10	20	24	47	42	35	30
chr15	89	17	37	60	24	15	26	20	38	20	20	42	52	32	37	70
chr15	51	37	25	43	41	47	28	34	31	29	35	35	34	37	42	50
chr15	42	24	34	53	37	39	23	40	38	40	33	26	37	36	46	51
chr15	77	34	45	49	31	12	15	35	39	24	23	34	57	23	38	63
chr15	59	35	48	48	45	16	15	32	54	32	34	26	32	26	48	49
chr15	43	34	14	69	35	23	18	30	24	16	17	26	57	33	35	125
chr15	64	26	41	46	37	33	16	37	38	21	13	34	37	43	37	76
chr16	51	35	23	66	44	22	23	39	31	25	6	29	49	45	39	72
chr16	50	30	30	53	29	13	18	35	36	18	22	33	48	34	39	111
chr16	59	28	41	45	42	20	13	42	42	27	35	29	30	42	44	60
chr16	53	25	43	45	44	17	14	38	27	39	24	44	43	32	53	58
chr16	57	35	35	66	44	24	15	29	36	20	16	24	56	34	29	79
chr16	69	36	38	51	42	20	16	35	32	20	24	37	50	37	35	57
chr16	46	27	32	59	35	15	18	28	50	20	29	40	33	33	60	74
chr16	81	50	38	42	48	18	30	25	36	33	26	32	46	20	33	41
chr16	63	29	45	46	37	23	15	33	30	23	33	40	53	33	32	64
chr16	57	31	39	25	42	35	40	32	30	46	41	38	23	37	36	47
chr16	88	28	37	64	33	8	17	33	46	22	24	26	51	33	40	49
chr16	74	44	40	57	60	23	6	20	42	17	27	33	40	24	46	46
chr16	75	25	48	30	32	17	37	26	47	40	44	32	24	30	34	58
chr16	51	25	32	42	26	25	27	46	47	35	34	37	26	38	61	47
chr16	42	35	34	47	40	37	30	34	37	31	32	34	39	38	38	51
chr16	50	39	25	40	43	55	33	39	25	42	21	31	35	35	40	46
chr16	58	36	33	53	43	28	14	35	41	25	37	27	37	32	46	54
chr16	82	33	39	46	37	24	18	36	35	27	32	27	46	31	33	53
chr16	48	32	36	33	31	26	35	42	36	43	43	33	35	32	41	53
chr16	59	43	36	43	55	40	24	35	28	26	22	23	40	45	16	64
chr16	62	44	29	65	58	25	26	36	45	20	11	22	35	56	32	33
chr16	84	41	53	49	43	20	17	27	50	24	26	21	50	22	26	46
chr16	48	27	28	62	35	21	16	35	28	22	25	36	53	37	42	84
chr16	45	44	24	42	44	50	30	48	24	36	25	33	42	43	39	30
chr16	50	28	37	47	30	27	19	35	53	26	46	32	29	30	55	55
chr16	64	55	23	47	50	31	20	42	30	18	19	29	46	38	34	53
chr16	40	31	43	53	42	31	15	40	50	24	30	25	35	42	41	57
chr16	65	34	34	59	41	22	19	33	35	25	23	30	51	34	37	57
chr16	22	27	21	36	35	31	36	50	28	50	41	41	20	45	62	54
chr16	45	27	27	50	38	34	20	42	29	38	13	35	37	36	55	73
chr16	75	34	34	57	40	19	10	33	37	23	27	24	48	27	40	71
chr16	51	22	52	54	25	15	23	21	47	30	41	53	57	17	55	36
chr2	59	46	21	47	51	36	21	55	17	28	10	27	46	53	30	52
chr2	42	29	33	48	45	44	19	54	27	28	13	27	37	61	31	61
chr2	1	21	68	19	32	9	14	39	19	41	49	92	57	22	71	45
chr2	48	28	35	57	38	28	16	43	32	26	27	28	50	44	35	64
chr2	46	37	28	52	45	27	20	34	32	27	38	38	41	35	48	51
chr2	36	17	37	38	20	26	28	43	40	34	39	52	31	40	61	57
chr2	59	38	37	52	49	33	31	30	33	38	23	28	44	34	32	38
chr2	67	30	35	38	38	33	27	25	35	31	41	40	30	29	43	57
chr2	55	45	35	50	42	40	41	27	44	42	32	20	43	23	30	30
chr2	44	37	38	37	49	31	38	33	38	46	33	33	24	37	42	39
chr2	67	24	42	38	31	30	33	36	34	37	27	39	40	38	35	48
chr2	64	36	34	53	46	27	17	42	36	28	10	30	41	41	43	51
chr2	85	25	39	57	37	21	12	30	41	19	23	27	42	35	37	69
chr2	73	36	39	55	44	20	16	37	39	24	20	29	46	38	37	46
chr2	65	24	29	60	31	12	15	37	36	18	22	30	46	42	39	93
chr2	64	38	33	50	35	25	9	45	41	14	25	27	45	38	40	70
chr2	61	38	32	56	40	18	12	38	34	23	24	28	51	29	41	74
chr2	51	36	37	41	43	32	21	37	33	20	38	41	38	45	36	50
chr2	48	47	36	30	50	50	31	57	26	52	16	17	36	39	28	36
chr2	43	26	34	50	39	25	20	36	31	28	26	46	39	41	52	63
chr2	51	51	43	26	72	58	20	36	28	48	28	23	19	30	36	30
chr2	51	21	28	53	34	24	19	31	29	32	47	49	39	32	63	47
chr2	61	29	41	65	43	26	23	25	37	26	24	34	56	36	32	41
chr2	35	36	33	46	40	36	26	40	34	19	22	40	41	51	34	66
chr2	65	33	28	67	34	26	26	27	27	23	22	26	67	31	23	74
chr2	34	28	33	52	42	26	30	38	36	27	27	38	34	56	38	60
chr2	39	38	25	57	50	41	14	49	24	21	18	31	45	54	37	56
chr3	65	29	48	57	40	24	14	27	44	20	25	39	49	33	41	44
chr3	83	34	53	50	35	28	22	29	60	25	29	22	42	27	32	28
chr3	78	38	33	41	37	35	22	33	40	22	24	27	34	32	35	68
chr3	61	30	38	42	36	31	16	35	43	24	34	38	32	33	51	55
chr3	53	29	37	50	44	23	22	34	28	31	23	39	44	40	39	63
chr3	40	29	38	56	44	34	16	41	31	22	19	41	48	50	40	50
chr3	76	28	45	65	42	27	16	22	42	23	24	37	54	29	41	28
chr3	57	30	29	77	38	17	14	33	28	23	16	31	70	32	38	66
chr3	49	27	28	43	26	26	27	39	35	27	26	40	37	38	47	84
chr3	37	15	28	54	35	23	24	49	25	32	18	45	37	60	51	66
chr3	50	25	32	63	39	22	18	28	29	12	38	49	52	48	40	54
chr3	53	38	33	53	42	37	18	41	26	25	16	26	55	39	26	71
chr3	63	35	32	57	44	30	27	37	37	30	18	26	44	42	34	43
chr3	62	25	44	43	25	10	20	29	47	18	20	58	40	31	59	68
chr3	71	41	25	66	59	27	9	34	19	17	10	20	54	44	22	81
chr3	55	30	27	54	35	37	23	39	28	16	20	39	49	50	33	64
chr3	32	50	21	55	70	29	19	55	18	23	9	35	38	71	35	39
chr3	68	38	38	52	49	21	13	40	37	32	15	29	42	32	47	46
chr3	61	24	25	76	38	29	22	27	28	23	24	27	59	41	30	65
chr3	63	32	30	58	40	22	15	35	30	17	25	40	50	41	42	59
chr3	54	24	37	52	34	35	22	38	39	29	28	31	39	42	40	55
chr3	79	29	35	58	38	19	28	31	42	28	22	28	41	40	35	46
chr3	54	20	36	88	23	13	15	14	35	17	35	49	85	15	51	49
chr4	59	31	30	45	32	21	11	47	34	21	26	33	39	39	47	84
chr4	81	25	31	60	43	15	14	28	31	24	24	27	41	36	37	82
chr4	66	34	31	67	39	18	16	33	30	26	25	29	64	28	37	56
chr4	53	45	35	46	39	26	31	30	45	24	40	36	42	31	39	37
chr4	47	45	34	55	51	32	23	31	39	22	30	27	44	38	30	51
chr4	43	20	36	38	35	31	37	30	36	45	42	37	24	36	45	64
chr4	39	31	28	54	32	29	30	28	26	33	19	48	55	26	49	72
chr4	58	23	37	45	27	32	25	28	32	30	30	35	45	27	35	90
chr4	92	31	41	55	30	16	19	35	49	15	25	28	48	38	32	45
chr4	32	25	35	63	44	31	23	32	31	37	21	40	48	38	50	49
chr4	34	35	20	47	36	43	22	54	22	31	22	36	44	46	47	60
chr4	43	34	38	57	45	21	24	29	39	34	30	31	45	29	42	58
chr4	53	40	62	22	26	1	11	46	56	19	38	57	41	25	59	43
chr4	47	30	27	50	47	38	19	49	27	32	29	30	33	53	42	46
chr4	64	31	38	48	33	25	22	40	49	24	26	26	36	39	39	59
chr4	69	23	33	55	20	17	15	40	30	19	26	41	62	33	42	74
chr4	46	29	45	33	37	42	36	31	44	48	50	30	26	28	40	34
chr4	61	22	38	46	36	18	13	44	30	27	21	37	40	43	43	80
chr4	50	34	27	52	39	21	20	38	31	20	39	31	43	42	36	76
chr4	56	25	38	53	36	25	20	26	48	28	32	37	32	29	55	59
chr4	105	34	39	57	32	24	12	34	51	17	14	20	47	27	38	48
chr4	100	28	41	57	39	24	12	34	49	26	14	19	39	31	41	45
chr4	84	34	38	65	48	28	18	28	51	26	13	15	38	34	35	44
chr4	82	31	50	58	56	17	14	27	39	30	15	35	43	36	41	25
chr4	41	32	31	55	40	26	23	38	36	31	27	33	41	38	46	61
chr4	26	18	36	37	20	28	46	30	36	50	47	54	35	28	58	50
chr4	71	34	31	68	37	16	16	23	48	13	29	32	48	29	46	58
chr4	59	33	34	42	28	23	32	34	38	26	24	39	43	35	36	73
chr4	43	33	34	67	29	16	29	25	42	20	22	39	64	30	38	68
chr4	50	49	28	34	44	55	38	41	26	37	27	27	40	37	24	42
chr4	36	23	23	55	37	44	30	42	26	31	19	38	38	55	42	60
chr4	50	31	31	62	47	32	22	26	35	19	15	37	42	45	38	67
chr4	69	33	26	62	33	12	23	26	35	16	23	34	52	33	36	86
chr4	50	35	34	61	39	24	14	38	38	22	13	35	53	34	47	62
chr4	59	34	37	54	47	22	14	34	30	21	26	33	48	40	33	67
chr4	106	29	49	53	36	15	16	21	59	17	26	24	35	27	36	50
chr4	84	21	45	56	24	18	12	32	41	23	28	29	57	23	36	70
chr4	82	25	40	65	39	14	12	24	31	20	19	41	61	30	39	57
chr4	52	32	31	49	46	26	16	38	33	24	22	30	33	43	41	83
chr4	71	29	28	55	45	34	9	38	33	15	21	27	35	47	38	74
chr4	73	25	32	58	36	22	17	41	44	24	20	15	34	46	34	78
chr4	75	26	30	40	36	26	17	35	35	23	31	40	25	39	51	70
chr4	39	24	19	60	36	16	14	49	22	15	14	32	45	60	36	118
chr4	47	32	38	43	37	20	19	49	36	27	23	35	40	45	42	66
chr4	33	26	26	56	42	20	12	64	21	24	12	29	45	68	37	84
chr4	92	39	44	48	39	27	17	40	44	25	21	14	48	32	23	46
chr4	86	34	49	44	36	18	20	33	49	24	27	32	42	31	37	37
chr4	54	23	39	62	34	19	17	35	39	28	30	33	51	35	44	56
chr4	55	42	48	38	58	30	19	39	37	30	15	31	33	44	31	49
chr4	20	48	20	37	59	44	34	57	15	31	9	38	31	71	30	55
chr4	42	49	24	56	49	28	23	42	27	28	28	33	53	36	42	39
chr4	37	42	37	39	49	57	38	29	29	40	22	34	40	34	27	45
chr4	45	36	35	42	41	36	22	43	27	33	23	37	45	38	39	57
chr4	46	25	30	45	38	35	24	32	29	37	39	43	32	32	55	57
chr4	57	30	31	35	32	38	46	32	36	41	38	25	28	39	25	66
chr4	94	33	39	51	34	14	18	31	40	21	23	29	49	28	33	62
chr5	59	45	23	47	51	33	23	59	21	34	10	25	42	54	35	38
chr5	20	24	60	28	30	14	12	40	27	29	39	72	55	29	56	64
chr5	41	30	38	49	39	28	21	31	26	28	39	41	52	33	35	68
chr5	51	30	36	39	35	38	40	33	34	36	35	37	36	41	31	47
chr5	70	42	33	38	45	45	36	31	34	29	30	30	34	41	24	37
chr5	63	28	41	39	31	24	40	27	38	46	40	36	39	24	40	43
chr5	50	28	31	47	39	25	30	22	37	30	42	47	30	32	53	56
chr5	50	40	29	57	36	25	25	40	38	19	21	30	52	42	34	61
chr5	34	32	37	33	41	31	51	36	30	58	30	44	31	39	43	29
chr5	21	21	27	30	28	36	35	47	27	39	63	54	23	50	58	40
chr5	35	39	33	41	46	35	24	42	21	26	26	41	45	47	32	66
chr5	75	29	36	44	41	33	24	35	30	41	32	32	37	30	43	37
chr5	69	28	37	65	33	27	21	30	32	21	21	33	65	35	28	54
chr5	30	17	34	36	27	39	35	34	35	38	60	44	26	41	48	55
chr5	36	29	33	33	32	30	38	42	31	47	39	33	31	36	40	69
chr5	26	29	33	37	51	38	40	46	20	66	38	30	27	42	44	32
chr5	26	33	48	34	22	21	25	50	63	26	34	43	29	38	59	48
chr5	41	31	39	43	42	32	17	53	41	36	34	20	30	45	41	54
chr5	59	24	26	61	40	27	22	37	27	29	18	38	45	45	46	55
chr5	72	23	32	66	35	13	16	38	33	18	16	35	53	48	39	62
chr5	59	32	34	46	33	32	23	50	34	25	17	26	45	49	28	66
chr5	59	45	41	49	44	16	19	32	36	29	25	34	55	21	39	55
chr6	9	31	42	33	38	14	24	49	20	48	38	65	48	32	67	41
chr6	38	24	24	49	30	27	16	46	28	29	43	35	40	38	52	80
chr6	56	32	34	55	55	47	18	29	34	33	24	33	33	37	48	31
chr6	76	31	34	51	28	30	18	36	34	22	24	32	55	28	36	64
chr6	43	23	35	53	21	20	26	30	36	32	32	46	53	22	54	73
chr6	35	47	35	46	57	47	32	29	28	42	24	36	43	28	39	31
chr6	57	35	34	72	39	16	26	23	36	18	20	39	67	35	32	50
chr6	99	32	50	31	36	28	22	28	47	29	54	25	29	25	30	34
chr6	51	20	29	60	38	19	16	43	23	25	15	31	48	51	34	96
chr6	62	27	27	57	40	29	11	44	22	19	24	29	50	49	32	77
chr6	67	38	47	45	41	28	21	26	46	26	27	27	42	25	31	62
chr6	45	21	38	31	26	32	24	42	26	37	38	48	37	35	49	70
chr6	30	31	29	37	39	43	36	52	21	46	24	34	36	51	36	54
chr6	55	39	48	54	60	21	20	25	42	34	34	26	39	31	35	36
chr6	41	34	32	59	42	39	32	31	43	25	23	33	39	46	37	43
chr6	82	22	48	43	31	25	25	24	44	34	43	31	39	24	36	48
chr6	119	31	44	60	38	14	8	28	45	15	19	24	53	28	32	41
chr7	60	38	32	47	49	36	16	43	24	23	17	29	44	47	27	67
chr7	53	36	31	42	46	27	11	53	35	36	21	31	28	39	60	50
chr7	54	40	41	52	59	29	17	34	40	33	21	28	33	38	43	37
chr7	42	34	36	47	47	32	21	33	49	25	36	35	22	42	52	46
chr7	64	37	38	48	36	29	19	43	34	17	18	33	52	44	27	60
chr7	65	41	40	32	41	15	23	36	34	30	44	37	37	29	39	56
chr7	37	32	31	69	48	19	12	36	24	22	19	43	61	42	46	58
chr7	24	46	23	25	48	41	54	33	33	57	44	39	14	32	52	34
chr7	63	34	49	41	38	17	23	25	39	29	29	46	47	23	43	53
chr7	61	48	31	55	53	40	26	30	37	29	18	22	44	33	30	42
chr7	61	39	48	38	39	36	37	30	48	37	24	31	38	30	31	32
chr7	31	38	30	40	40	38	47	29	34	53	40	32	34	26	41	46
chr7	83	35	33	53	36	27	21	31	31	18	21	34	54	35	29	58
chr7	68	30	38	35	39	31	25	46	26	40	32	25	37	40	28	59
chr7	41	30	24	57	47	28	15	51	23	27	23	32	41	56	43	61
chr7	27	35	19	37	41	36	29	64	31	40	20	28	20	59	51	62
chr7	58	16	34	40	23	27	39	35	38	31	30	44	29	50	39	66
chr7	67	51	38	34	43	22	32	36	42	27	33	33	37	33	32	39
chr7	46	27	31	48	26	24	28	44	30	26	23	36	50	44	33	83
chr7	69	27	37	66	37	17	22	22	51	24	27	30	42	30	46	52
chr7	55	34	48	54	49	28	16	35	47	29	26	24	40	37	35	42
chr7	55	34	47	51	47	28	19	36	50	19	31	27	35	49	30	41
chr7	34	21	29	32	23	41	42	47	33	40	35	38	25	51	41	67
chr7	31	29	32	38	33	38	54	28	36	51	48	39	31	35	40	36
chr7	44	52	47	44	65	34	33	28	46	34	22	21	33	40	21	35
chr7	56	23	29	51	32	25	19	33	23	26	32	38	48	35	39	90
chr7	71	49	29	51	64	38	18	36	25	26	18	25	41	43	28	37
chr7	93	30	47	55	39	20	13	33	54	16	21	23	40	39	32	44
chr7	73	25	36	66	38	18	15	30	39	25	36	26	50	34	39	49
chr7	58	16	31	65	33	16	12	33	41	13	28	29	39	48	40	97
chr7	58	23	42	42	39	16	17	42	32	28	40	39	36	47	40	58
chr7	50	38	31	49	41	25	27	41	35	34	33	25	41	37	37	55
chr7	117	32	68	22	33	28	13	38	68	27	27	23	21	24	37	21
chr7	84	40	52	50	50	15	16	24	53	14	23	30	40	36	29	43
chr7	32	37	28	43	36	21	47	37	38	45	42	34	35	38	41	45
chr7	41	44	33	43	54	37	32	27	42	33	34	32	23	37	42	45
chr7	62	40	31	41	55	28	18	36	31	14	26	44	27	55	40	51
chr7	50	47	32	48	41	17	24	46	47	26	23	23	40	37	40	58
chr7	56	36	35	61	43	30	9	37	44	27	25	18	45	26	45	62
chr8	36	23	39	47	40	35	17	51	27	30	23	36	43	55	37	60
chr8	47	31	33	36	49	43	22	50	29	39	18	29	21	52	42	58
chr8	77	39	23	70	40	18	14	32	20	18	13	29	72	29	29	76
chr8	61	57	40	54	69	38	14	28	38	22	13	25	44	32	30	34
chr8	57	23	27	65	34	31	12	37	27	16	19	32	55	43	36	85
chr8	62	24	30	63	33	16	17	32	28	29	23	32	56	30	42	82
chr8	45	33	26	45	37	30	16	44	34	25	21	32	33	39	49	90
chr8	43	31	26	41	36	26	41	33	26	37	33	45	36	42	41	62
chr8	31	33	23	61	52	36	29	23	20	42	34	41	45	29	51	49
chr8	41	37	42	32	43	43	42	32	45	38	35	39	22	43	38	27
chr8	37	53	38	32	51	26	37	39	34	39	27	38	38	34	37	39
chr8	78	35	45	56	42	21	13	21	50	15	23	24	44	27	31	74
chr8	48	45	21	49	49	33	23	48	25	32	25	27	42	42	40	50
chr8	32	40	24	46	34	32	35	45	33	35	26	35	44	39	43	56
chr8	55	47	37	36	57	36	35	29	39	46	25	26	25	27	39	40
chr8	55	29	36	51	47	28	21	32	33	29	16	30	36	42	34	80
chr8	39	48	21	32	38	39	32	51	24	31	28	37	40	41	39	59
chr8	49	39	29	52	45	35	20	42	35	18	26	34	40	51	38	46
chr8	45	32	36	57	53	23	12	30	30	26	21	40	42	37	48	67
chr8	53	66	38	27	66	26	19	45	34	30	17	37	31	34	44	32
chr8	41	25	36	31	37	26	31	52	24	51	24	37	31	43	46	64
chr8	78	32	33	53	40	17	17	29	32	22	20	35	47	32	39	73
chr8	65	38	41	43	40	29	15	33	42	16	33	36	40	35	38	55
chr8	49	79	47	24	70	42	18	51	31	40	13	28	49	20	34	4
chr9	68	30	36	56	34	28	14	32	34	20	28	38	53	31	42	55
chr9	64	32	49	38	38	36	27	24	31	24	34	44	49	33	23	53
chr9	21	49	29	34	49	31	41	40	40	45	48	34	23	36	48	31
chr9	29	27	26	63	34	31	18	41	33	18	31	46	48	49	53	52
chr9	44	32	52	61	42	14	26	14	44	36	53	39	58	14	42	28
chr9	33	27	30	45	38	32	18	47	28	21	19	39	36	55	41	90
chr9	72	30	28	64	38	17	17	36	36	21	15	28	49	39	40	69
chr9	53	33	29	46	49	31	32	29	30	32	38	33	28	46	34	56
chr9	55	31	40	51	40	21	27	19	45	37	32	48	37	18	64	34
chr9	67	27	58	36	26	24	25	29	52	33	43	41	42	20	43	33
chr9	43	32	38	47	30	24	24	38	42	29	31	34	44	31	43	69
chr9	51	32	40	49	31	25	17	38	47	19	43	38	43	35	48	43
chr9	39	28	24	32	34	37	30	57	23	43	13	37	27	50	49	76
chr9	70	31	56	43	32	15	15	20	52	21	36	50	46	15	52	45
chr9	29	36	61	17	36	18	15	17	36	16	51	88	43	16	63	57
chr9	66	29	36	44	37	23	21	32	36	25	33	40	35	37	44	61
chr9	62	30	33	55	37	26	24	35	37	27	29	32	44	39	39	50
chr9	73	26	34	53	32	25	21	33	36	28	18	34	44	33	43	66
