Chromosome	A	C	G	T
chr1	157	116	145	182
chr1	142	90	166	202
chr1	163	103	156	178
chr1	173	110	149	168
chr1	124	204	112	160
chr1	159	121	136	184
chr1	198	84	155	163
chr1	168	123	104	205
chr1	173	116	120	191
chr1	211	93	135	161
chr1	153	149	107	191
chr1	184	122	102	192
chr1	168	196	116	120
chr1	188	125	134	153
chr1	181	117	113	189
chr1	177	170	89	164
chr1	161	141	136	162
chr1	130	144	143	183
chr1	163	124	101	212
chr10	140	167	102	191
chr10	169	134	100	197
chr10	167	135	131	167
chr10	162	123	119	196
chr10	158	125	129	188
chr10	177	117	130	176
chr10	167	136	96	201
chr10	227	97	127	149
chr10	153	109	175	163
chr10	150	137	149	164
chr10	165	141	138	156
chr10	139	169	158	134
chr10	242	108	105	145
chr10	242	101	95	162
chr10	163	114	115	208
chr10	177	125	102	196
chr10	192	102	156	150
chr10	207	99	105	189
chr10	161	119	125	195
chr10	176	137	153	134
chr10	154	139	124	183
chr10	167	148	120	165
chr10	190	131	129	150
chr10	146	171	96	187
chr10	172	51	220	157
chr10	176	107	147	170
chr10	145	125	154	176
chr10	187	125	110	178
chr11	173	125	112	190
chr11	139	152	109	200
chr11	156	161	156	127
chr11	163	118	118	201
chr11	170	161	133	136
chr11	157	176	145	122
chr11	158	113	143	186
chr11	179	150	134	137
chr11	136	168	115	181
chr11	130	139	177	154
chr11	203	111	113	173
chr11	179	193	99	129
chr11	182	143	159	116
chr11	174	138	127	161
chr11	204	135	122	139
chr11	198	98	101	203
chr11	176	170	81	173
chr11	180	141	117	162
chr11	201	102	130	167
chr11	167	123	99	211
chr11	172	130	103	195
chr11	224	98	124	154
chr12	174	191	69	166
chr12	169	124	134	173
chr12	148	139	134	179
chr12	155	132	132	181
chr12	124	149	130	197
chr12	181	119	96	204
chr12	180	135	105	180
chr12	146	109	148	197
chr12	157	163	99	181
chr12	134	127	147	192
chr12	174	120	94	212
chr12	196	103	121	180
chr12	162	112	133	193
chr12	164	142	139	155
chr12	186	155	140	119
chr12	171	119	174	136
chr12	137	159	195	109
chr12	182	113	143	162
chr12	152	149	141	158
chr12	179	133	101	187
chr12	179	95	106	220
chr12	197	120	109	174
chr12	169	155	156	120
chr12	142	175	106	177
chr12	182	175	104	139
chr12	186	144	104	166
chr12	192	112	127	169
chr12	146	141	114	199
chr12	101	167	145	187
chr12	143	116	129	212
chr12	149	104	186	161
chr12	145	93	195	167
chr12	145	122	185	148
chr12	196	130	125	149
chr12	181	104	123	192
chr12	156	156	128	160
chr12	109	170	120	201
chr12	151	141	149	159
chr12	182	133	140	145
chr12	222	127	104	147
chr12	205	97	131	167
chr12	195	95	154	156
chr12	198	88	121	193
chr12	198	127	103	172
chr12	194	112	108	186
chr12	218	85	127	170
chr12	128	175	141	156
chr12	157	134	123	186
chr12	201	118	119	162
chr13	138	123	117	222
chr13	185	118	117	180
chr13	160	97	167	176
chr13	198	113	89	200
chr13	167	108	124	201
chr13	230	97	87	186
chr13	219	85	103	193
chr13	183	99	116	202
chr13	187	119	128	166
chr13	152	135	98	215
chr13	133	124	206	137
chr13	233	116	116	135
chr13	190	111	150	149
chr13	150	107	131	212
chr13	171	166	148	115
chr13	205	101	115	179
chr13	148	125	132	195
chr13	172	119	107	202
chr13	150	139	99	212
chr13	215	105	106	174
chr13	171	122	109	198
chr13	166	124	103	207
chr13	164	146	143	147
chr13	144	160	169	127
chr13	181	107	122	190
chr13	165	116	131	188
chr13	174	128	141	157
chr13	160	115	129	196
chr13	202	111	122	165
chr13	165	136	111	188
chr13	177	148	135	140
chr13	143	125	102	230
chr13	182	115	150	153
chr13	157	114	144	185
chr13	164	132	132	172
chr13	175	102	115	208
chr13	165	137	151	147
chr13	209	116	112	163
chr14	165	150	137	148
chr14	216	155	115	114
chr14	180	119	77	224
chr14	173	132	132	163
chr14	175	88	198	139
chr14	194	137	120	149
chr14	181	201	118	100
chr14	187	125	94	194
chr14	194	114	141	151
chr14	161	119	153	167
chr14	180	118	151	151
chr14	138	134	150	178
chr14	151	113	169	167
chr14	193	137	90	180
chr14	195	146	116	143
chr14	199	118	117	166
chr14	204	133	117	146
chr14	220	105	146	129
chr14	135	182	130	153
chr14	127	114	162	197
chr14	169	97	134	200
chr14	166	130	144	160
chr14	189	94	123	194
chr14	176	128	104	192
chr14	221	150	96	133
chr14	211	109	106	174
chr14	156	132	107	205
chr14	172	178	99	151
chr14	177	154	111	158
chr14	179	123	109	189
chr14	162	110	139	189
chr14	144	113	120	223
chr14	144	126	136	194
chr14	173	114	128	185
chr14	186	120	116	178
chr14	186	114	119	181
chr14	194	130	111	165
chr14	185	93	112	210
chr14	172	132	100	196
chr14	139	100	150	211
chr14	128	114	133	225
chr14	190	116	113	181
chr15	194	148	64	194
chr15	198	120	95	187
chr15	163	130	132	175
chr15	159	111	132	198
chr15	189	63	207	141
chr15	220	91	108	181
chr15	184	115	114	187
chr15	172	98	138	192
chr15	157	126	109	208
chr15	155	158	125	162
chr15	127	133	143	197
chr15	184	170	115	131
chr15	139	190	98	173
chr15	143	160	124	173
chr15	194	116	142	148
chr15	152	169	170	109
chr15	130	171	166	133
chr15	172	169	124	135
chr15	171	140	117	172
chr15	163	145	123	169
chr15	175	96	112	217
chr15	182	107	113	198
chr15	169	130	149	152
chr15	192	103	150	155
chr15	167	225	101	107
chr15	191	167	117	125
chr15	214	129	114	143
chr15	197	114	149	140
chr15	134	153	154	159
chr15	170	112	129	189
chr15	147	164	130	159
chr15	165	96	125	214
chr15	197	88	121	194
chr15	154	104	138	204
chr15	165	174	153	108
chr15	159	159	124	158
chr15	152	140	138	170
chr15	222	107	101	170
chr15	194	106	145	155
chr15	211	84	123	182
chr15	151	101	108	240
chr15	178	126	103	193
chr15	176	48	206	170
chr16	232	107	107	154
chr16	160	95	108	237
chr16	170	117	134	179
chr16	168	111	130	191
chr16	181	98	112	209
chr16	149	97	150	204
chr16	215	122	125	138
chr16	164	74	169	193
chr16	155	146	113	186
chr16	144	150	154	152
chr16	216	107	123	154
chr16	146	122	154	178
chr16	179	125	132	164
chr16	159	165	106	170
chr16	183	112	119	186
chr16	178	124	112	186
chr16	146	137	154	163
chr16	183	145	87	185
chr16	198	148	97	157
chr16	207	103	141	149
chr16	191	93	147	169
chr16	182	155	105	158
chr16	192	115	119	174
chr16	166	135	111	188
chr16	157	179	116	148
chr16	165	109	146	180
chr16	169	128	126	177
chr16	99	151	163	187
chr16	150	134	115	201
chr16	197	198	96	109
chr2	125	100	175	200
chr2	158	132	111	199
chr2	162	101	133	204
chr2	192	93	130	185
chr2	199	153	92	156
chr2	163	122	149	166
chr2	180	171	101	148
chr2	192	147	137	124
chr2	173	145	140	142
chr2	188	115	102	195
chr2	184	118	119	179
chr2	179	96	105	220
chr2	183	111	109	197
chr2	171	122	95	212
chr2	166	122	135	177
chr2	164	134	120	182
chr2	192	125	100	183
chr2	156	122	128	194
chr2	171	118	113	198
chr2	169	189	130	112
chr2	166	149	137	148
chr2	167	142	136	155
chr2	145	139	126	190
chr2	165	130	147	158
chr2	184	141	106	169
chr2	193	93	130	184
chr3	200	106	128	166
chr3	215	116	124	145
chr3	229	111	132	128
chr3	190	129	115	166
chr3	162	127	127	184
chr3	185	154	119	142
chr3	219	116	119	146
chr3	218	105	116	161
chr3	204	96	127	173
chr3	201	132	114	153
chr3	202	128	70	200
chr3	171	134	99	196
chr3	145	155	158	142
chr3	143	142	144	171
chr3	141	177	122	160
chr3	187	136	130	147
chr3	151	170	144	135
chr3	194	151	107	148
chr3	184	118	106	192
chr3	202	135	97	166
chr3	180	123	108	189
chr3	185	130	132	153
chr3	206	65	131	198
chr4	180	113	123	184
chr4	175	152	126	147
chr4	169	161	90	180
chr4	166	136	127	171
chr4	176	130	140	154
chr4	138	127	177	158
chr4	167	211	78	144
chr4	155	58	242	145
chr4	175	128	106	191
chr4	211	107	120	162
chr4	176	106	134	184
chr4	148	120	158	174
chr4	137	154	110	199
chr4	165	116	139	180
chr4	154	143	121	182
chr4	125	115	196	164
chr4	182	108	93	217
chr4	143	124	107	226
chr4	195	105	116	184
chr4	197	99	111	193
chr4	186	126	119	169
chr4	158	147	173	122
chr4	174	138	92	196
chr4	195	116	98	191
chr4	224	114	105	157
chr4	203	140	106	151
chr4	160	129	126	185
chr4	182	104	129	185
chr4	162	125	141	172
chr4	121	120	190	169
chr4	147	121	165	167
chr4	206	106	111	177
chr4	216	92	111	181
chr4	137	148	114	201
chr4	164	132	118	186
chr4	231	102	103	164
chr4	196	97	82	225
chr4	191	117	91	201
chr4	185	115	112	188
chr4	167	100	103	230
chr4	242	75	128	155
chr4	196	94	126	184
chr4	164	124	113	199
chr4	149	135	133	183
chr4	156	124	110	210
chr4	168	133	97	202
chr4	158	124	119	199
chr4	134	146	85	235
chr4	181	145	121	153
chr4	235	116	110	139
chr4	173	110	133	184
chr4	189	150	120	141
chr4	140	189	74	197
chr4	186	124	118	172
chr4	198	123	124	155
chr4	110	161	126	203
chr4	153	172	124	151
chr4	174	138	107	181
chr4	144	131	149	176
chr4	197	102	121	180
chr5	174	166	91	169
chr5	120	135	152	193
chr5	161	116	116	207
chr5	167	116	129	188
chr5	155	143	144	158
chr5	192	87	168	153
chr5	182	154	131	133
chr5	170	122	160	148
chr5	150	112	158	180
chr5	182	176	94	148
chr5	140	157	158	145
chr5	158	121	141	180
chr5	98	147	183	172
chr5	202	110	109	179
chr5	125	134	174	167
chr5	228	102	88	182
chr5	170	114	97	219
chr5	172	116	114	198
chr5	152	138	155	155
chr5	125	177	155	143
chr5	137	111	166	186
chr5	169	157	84	190
chr5	172	131	106	191
chr5	173	111	159	157
chr5	177	105	132	186
chr6	115	130	166	189
chr6	174	100	127	199
chr6	166	114	134	186
chr6	167	99	158	176
chr6	153	101	142	204
chr6	165	163	130	142
chr6	209	112	156	123
chr6	196	114	135	155
chr6	182	103	118	197
chr6	165	123	103	209
chr6	176	126	96	202
chr6	205	126	127	142
chr6	209	100	132	159
chr6	170	107	135	188
chr6	124	140	143	193
chr6	135	164	152	149
chr6	190	128	135	147
chr6	199	105	151	145
chr6	106	176	176	142
chr6	204	107	104	185
chr7	194	102	96	208
chr7	168	121	115	196
chr7	171	106	123	200
chr7	192	142	111	155
chr7	156	127	155	162
chr7	173	111	137	179
chr7	190	125	101	184
chr7	177	114	118	191
chr7	193	115	144	148
chr7	167	107	120	206
chr7	172	113	108	207
chr7	118	176	174	132
chr7	137	155	159	149
chr7	106	189	128	177
chr7	167	103	137	193
chr7	137	125	140	198
chr7	175	127	107	191
chr7	196	102	90	212
chr7	199	121	138	142
chr7	188	128	130	154
chr7	121	153	150	176
chr7	125	156	172	147
chr7	175	161	116	148
chr7	151	120	139	190
chr7	161	108	120	211
chr7	206	116	116	162
chr7	190	102	130	178
chr7	193	84	115	208
chr7	171	112	146	171
chr7	173	135	126	166
chr7	155	127	122	196
chr7	169	125	99	207
chr7	197	121	87	195
chr7	244	114	128	114
chr7	226	107	118	149
chr7	178	133	117	172
chr7	135	142	155	168
chr7	151	141	114	194
chr8	143	167	106	184
chr8	116	138	155	191
chr8	204	118	95	183
chr8	181	110	116	193
chr8	180	134	108	178
chr8	181	134	111	174
chr8	179	99	115	207
chr8	152	130	111	207
chr8	141	104	157	198
chr8	142	126	151	181
chr8	191	118	106	185
chr8	143	175	147	135
chr8	130	163	168	139
chr8	266	89	95	150
chr8	207	99	107	187
chr8	194	84	125	197
chr8	141	147	130	182
chr8	168	166	131	135
chr8	167	131	106	196
chr8	207	114	121	158
chr8	173	108	168	151
chr8	188	163	120	129
chr8	193	112	141	154
chr8	168	143	112	177
chr8	183	163	111	143
chr8	161	170	93	176
chr8	134	141	143	182
chr8	176	111	145	168
chr9	185	115	162	138
chr9	205	102	153	140
chr9	188	122	130	160
chr9	170	115	141	174
chr9	178	109	118	195
chr9	143	141	103	213
chr9	170	135	107	188
chr9	186	112	120	182
chr9	180	128	126	166
chr9	144	137	145	174
chr9	167	103	180	150
chr9	156	139	131	174
chr9	186	117	156	141
chr9	171	114	159	156
chr9	197	106	141	156
chr9	155	151	165	129
chr9	177	138	95	190
