Chromosome	AA	AC	AG	AT	CA	CC	CG	CT	GA	GC	GG	GT	TA	TC	TG	TT
chr1	37	30	43	47	44	16	16	40	39	29	37	40	36	41	49	55
chr1	43	31	38	30	29	15	10	36	33	21	37	75	37	23	80	61
chr1	45	36	40	42	39	23	19	22	34	15	39	68	45	29	58	45
chr1	53	35	43	42	36	18	22	34	36	33	41	39	47	24	43	53
chr1	21	41	18	43	65	63	32	44	13	47	19	33	25	53	43	39
chr1	43	29	36	51	36	27	21	37	43	25	32	36	36	40	47	60
chr1	55	31	57	54	24	11	17	32	68	19	31	37	51	23	49	40
chr1	51	24	36	57	45	21	14	42	23	31	18	32	49	47	35	74
chr1	59	30	37	47	39	28	16	33	37	18	28	36	37	40	39	75
chr1	79	26	46	60	38	13	16	26	51	32	27	25	43	22	46	49
chr1	44	27	26	55	47	38	26	38	30	22	21	34	31	62	34	64
chr1	63	38	32	50	41	21	16	44	28	21	17	36	52	41	37	62
chr1	55	51	28	33	59	57	37	43	34	38	22	22	19	50	29	22
chr1	68	42	29	49	46	30	21	27	38	25	42	29	36	28	42	47
chr1	63	33	40	45	41	16	13	47	28	29	26	29	49	39	34	67
chr1	52	61	29	34	64	34	16	56	26	23	12	28	34	52	32	46
chr1	46	48	38	29	44	22	28	47	34	39	21	42	37	31	49	44
chr1	39	23	36	32	34	27	32	51	26	50	26	40	31	44	48	60
chr1	58	43	28	34	43	19	19	43	23	25	17	35	39	36	37	100
chr10	30	38	30	42	50	45	17	55	23	33	12	34	37	51	43	59
chr10	65	35	21	48	37	28	15	54	22	20	24	34	45	50	40	61
chr10	51	41	32	43	43	29	20	43	40	21	35	34	33	44	43	47
chr10	55	27	32	48	34	23	17	49	28	25	29	37	44	48	41	62
chr10	48	26	39	44	32	32	19	42	42	24	29	34	35	43	42	68
chr10	72	26	34	45	29	18	29	40	39	25	35	31	36	48	32	60
chr10	52	36	23	56	50	21	19	46	30	19	16	31	34	60	38	68
chr10	93	32	54	48	33	16	14	33	58	22	23	24	42	27	36	44
chr10	43	30	52	28	35	18	24	32	41	37	42	54	33	24	57	49
chr10	38	25	42	45	49	28	25	35	29	43	34	43	34	41	48	40
chr10	38	40	43	43	53	26	23	39	36	38	36	28	38	37	36	45
chr10	30	47	32	30	48	43	43	35	37	50	39	32	24	29	44	36
chr10	83	52	40	67	51	16	18	23	56	15	13	21	52	25	34	33
chr10	85	52	39	66	45	13	12	31	44	12	17	22	68	24	26	43
chr10	40	26	45	52	37	17	11	49	38	20	22	35	47	51	37	72
chr10	58	33	31	55	33	23	21	47	34	20	17	31	51	49	33	63
chr10	56	29	60	47	33	24	17	28	59	24	42	30	44	25	37	44
chr10	67	38	41	61	39	20	10	30	38	16	24	27	62	25	30	71
chr10	54	25	37	44	36	24	19	40	35	31	22	37	36	39	47	73
chr10	49	46	44	37	53	30	28	26	52	24	40	36	22	37	41	34
chr10	48	30	34	41	34	43	22	40	35	34	23	32	36	32	45	70
chr10	48	37	34	48	36	40	28	43	27	38	23	32	55	33	35	42
chr10	76	37	38	39	38	27	25	41	42	34	25	27	33	33	41	43
chr10	40	46	27	32	44	51	26	50	28	22	15	31	34	51	28	74
chr10	36	20	100	15	19	2	11	19	65	17	47	91	52	12	61	32
chr10	55	31	38	51	35	23	15	34	44	26	45	32	41	27	49	53
chr10	40	25	38	41	35	34	24	32	32	33	39	50	38	32	53	53
chr10	58	42	37	50	41	26	19	38	43	16	21	30	45	41	32	60
chr11	47	32	36	58	46	21	17	40	33	29	20	30	47	43	38	62
chr11	38	34	23	44	44	34	25	48	20	31	23	35	36	53	38	73
chr11	42	41	35	37	46	40	39	36	38	42	44	32	30	38	37	22
chr11	45	35	30	53	42	20	24	32	31	22	27	38	45	41	37	77
chr11	55	42	34	39	52	43	32	33	26	50	33	24	36	26	34	40
chr11	51	36	32	38	47	48	42	39	27	57	41	19	31	35	30	26
chr11	39	26	42	51	36	26	23	28	38	32	35	38	45	29	43	68
chr11	52	47	43	37	51	33	29	36	42	35	25	32	33	35	37	32
chr11	39	40	27	30	48	44	23	53	17	39	29	29	32	45	35	69
chr11	29	30	42	29	35	31	38	35	36	37	49	54	30	40	48	36
chr11	68	36	34	64	43	18	24	26	32	25	23	33	60	31	32	50
chr11	54	75	26	24	71	42	23	56	18	38	20	23	36	37	30	26
chr11	62	40	55	25	41	37	37	27	51	45	32	31	28	21	35	32
chr11	57	34	44	39	42	32	26	38	43	30	21	32	32	41	36	52
chr11	68	52	38	46	44	30	31	29	50	27	22	23	42	26	30	41
chr11	55	39	29	74	31	16	14	37	36	19	18	28	76	24	40	63
chr11	49	51	31	45	63	35	20	52	17	22	8	33	47	61	22	43
chr11	58	47	41	34	53	26	17	45	28	28	18	42	41	40	40	41
chr11	72	34	37	57	41	17	16	28	56	21	28	25	32	30	49	56
chr11	50	34	21	61	34	19	18	52	24	28	16	31	58	42	44	67
chr11	47	39	27	58	42	25	13	50	34	19	24	26	49	47	38	61
chr11	101	33	39	51	40	12	23	23	43	23	25	33	40	30	37	46
chr12	51	69	18	36	57	62	18	54	18	20	7	24	48	39	26	52
chr12	50	29	42	48	37	30	21	36	40	25	35	34	41	40	36	55
chr12	43	23	36	45	55	31	18	35	22	39	31	42	27	46	49	57
chr12	33	36	33	53	44	28	18	41	35	32	32	33	42	36	49	54
chr12	35	19	29	41	31	39	28	50	33	33	32	32	25	58	41	73
chr12	49	37	35	59	38	30	13	38	31	17	17	31	63	34	31	76
chr12	56	45	28	51	42	23	23	47	33	21	19	32	48	46	35	50
chr12	44	26	32	44	27	17	25	39	31	34	41	42	44	32	50	71
chr12	45	41	25	46	42	49	32	40	29	26	13	31	40	47	29	64
chr12	31	25	41	37	30	19	26	52	36	33	35	43	36	50	45	60
chr12	60	25	36	52	39	18	19	44	25	17	17	35	50	60	21	81
chr12	66	29	40	61	43	19	14	27	36	21	23	40	51	33	44	52
chr12	46	26	37	52	41	25	18	28	30	34	34	35	44	27	44	78
chr12	50	36	40	38	41	34	28	39	37	35	27	39	36	37	43	39
chr12	55	48	45	38	64	34	28	29	36	45	31	27	30	28	36	25
chr12	51	34	50	36	43	17	28	31	47	44	47	36	30	24	49	32
chr12	27	38	47	25	37	32	61	29	51	69	44	30	22	20	43	24
chr12	53	41	33	54	37	14	30	32	42	22	45	34	49	36	35	42
chr12	39	38	34	41	43	44	32	30	41	24	33	43	29	43	41	44
chr12	64	36	30	49	42	24	26	41	24	28	19	30	49	45	26	66
chr12	51	16	37	75	46	16	8	25	32	14	22	37	50	49	39	82
chr12	71	27	39	60	47	22	19	32	32	30	18	28	46	41	33	54
chr12	50	39	50	30	43	41	34	36	52	42	35	27	23	33	37	27
chr12	41	39	29	33	43	48	31	53	24	34	22	26	33	54	24	65
chr12	55	42	34	51	65	57	22	30	43	25	16	20	19	50	32	38
chr12	62	46	29	48	49	35	15	45	35	27	20	22	39	36	40	51
chr12	69	34	35	54	43	20	16	32	44	20	31	32	36	38	45	50
chr12	44	35	27	39	40	35	20	46	27	31	18	38	35	40	49	75
chr12	23	33	24	21	35	32	53	47	23	53	30	38	20	48	38	81
chr12	36	19	39	49	40	19	18	39	31	33	24	40	36	44	48	84
chr12	32	28	47	41	34	17	25	28	46	30	64	46	36	29	50	46
chr12	32	26	49	38	24	18	20	31	54	25	69	46	34	24	57	52
chr12	31	30	44	39	33	28	24	37	50	42	66	27	31	22	51	44
chr12	64	50	36	46	43	28	21	37	41	19	33	32	47	33	35	34
chr12	52	24	48	56	32	17	22	33	45	28	19	31	51	35	34	72
chr12	34	47	26	49	43	39	36	37	39	39	25	25	39	31	41	49
chr12	22	25	16	46	37	47	32	54	16	43	18	42	34	55	54	58
chr12	42	38	36	35	37	31	42	31	38	38	39	34	34	34	32	58
chr12	60	38	40	43	42	29	30	32	38	40	31	31	42	26	39	38
chr12	84	37	43	57	59	29	10	29	42	22	20	20	37	38	31	41
chr12	79	25	46	54	34	20	13	30	54	22	29	26	37	30	43	57
chr12	69	28	55	43	30	21	16	28	54	25	36	38	42	21	46	47
chr12	74	26	42	56	24	24	9	31	46	15	31	28	54	22	39	78
chr12	68	38	36	56	44	31	22	29	38	24	15	26	47	34	30	61
chr12	67	34	32	61	36	23	18	35	45	19	22	22	46	36	36	67
chr12	83	33	44	58	28	15	14	28	48	15	32	31	58	22	37	53
chr12	33	29	31	34	39	54	37	45	30	38	35	38	25	54	38	39
chr12	55	22	30	49	39	35	20	40	25	36	27	35	38	41	46	61
chr12	70	36	38	57	42	23	23	30	44	27	20	27	44	32	38	48
chr13	46	21	25	46	27	26	30	40	19	39	25	34	46	37	37	101
chr13	63	37	37	48	38	27	14	38	35	24	22	36	48	30	44	58
chr13	50	15	46	49	29	17	20	30	43	30	53	41	38	35	48	55
chr13	73	33	24	68	44	27	12	29	32	15	11	31	49	38	42	71
chr13	55	27	33	52	38	29	13	28	35	23	29	36	39	28	49	85
chr13	95	37	28	69	38	17	13	29	36	11	17	23	61	32	28	65
chr13	99	30	22	68	29	14	17	25	28	17	26	32	62	24	38	68
chr13	66	26	30	61	34	25	14	26	42	13	24	37	40	35	48	78
chr13	68	34	39	46	40	29	16	34	37	32	30	29	42	24	43	56
chr13	44	25	25	57	42	32	13	48	24	25	17	32	41	53	43	78
chr13	38	28	35	32	39	27	23	35	25	44	88	48	31	25	59	22
chr13	114	32	37	50	35	25	28	28	40	35	20	21	43	24	31	36
chr13	71	29	49	41	30	22	30	29	43	36	39	31	45	24	32	48
chr13	44	32	18	55	30	20	16	41	31	11	39	50	45	44	58	65
chr13	49	43	45	33	56	38	37	35	41	48	40	19	25	37	26	27
chr13	74	22	45	64	35	24	18	24	42	24	15	34	54	31	37	56
chr13	51	26	28	43	33	49	16	27	30	30	29	43	33	20	59	82
chr13	53	23	39	57	39	31	16	33	32	15	27	33	48	50	25	78
chr13	36	23	27	63	49	19	25	46	27	24	16	32	38	73	31	70
chr13	77	28	43	67	37	21	16	31	38	24	18	26	63	32	28	50
chr13	65	32	30	44	41	23	14	44	29	21	27	32	36	46	38	77
chr13	50	23	37	56	42	31	11	39	21	20	23	39	53	50	32	72
chr13	53	29	43	38	41	37	29	39	39	43	29	32	31	37	41	38
chr13	34	46	28	35	44	31	56	29	33	57	43	36	32	26	42	27
chr13	64	38	33	46	27	18	23	39	37	21	32	32	53	29	34	73
chr13	65	27	33	39	31	23	31	31	30	29	35	37	39	37	32	80
chr13	61	30	40	43	37	29	31	31	37	43	25	35	39	26	44	48
chr13	43	32	27	58	47	19	15	33	24	33	35	37	45	31	52	68
chr13	83	34	41	44	33	25	23	30	37	26	21	38	49	26	37	52
chr13	45	35	37	48	43	26	17	50	38	22	19	31	38	53	38	59
chr13	43	55	38	41	53	31	33	31	45	26	37	27	36	36	27	40
chr13	30	20	25	67	35	27	17	46	27	23	23	29	51	55	37	87
chr13	50	39	54	39	38	22	21	33	56	29	25	40	37	25	50	41
chr13	40	27	37	53	29	27	23	35	44	25	33	42	44	34	51	55
chr13	52	31	37	44	31	35	35	31	42	33	22	34	39	33	37	63
chr13	58	31	25	61	30	19	15	37	36	23	26	30	51	29	49	79
chr13	43	31	44	46	35	38	27	37	57	32	35	27	29	36	45	37
chr13	72	40	35	62	41	20	19	35	38	23	27	24	58	33	31	41
chr14	51	33	30	51	46	40	36	28	33	40	31	33	35	37	39	36
chr14	82	43	45	45	68	42	20	25	35	33	19	28	31	36	31	16
chr14	53	33	20	74	39	26	15	39	25	11	12	29	63	49	30	81
chr14	46	36	41	49	45	29	23	35	38	29	27	38	43	38	41	41
chr14	44	35	80	16	18	16	25	29	78	20	39	60	35	16	54	34
chr14	69	44	33	48	45	27	25	39	46	30	23	21	34	36	39	40
chr14	53	50	37	41	75	69	25	31	22	47	33	16	30	35	23	12
chr14	69	39	26	52	45	20	17	43	20	28	13	33	52	38	38	66
chr14	62	36	43	52	48	14	26	26	46	32	32	31	38	32	40	41
chr14	40	30	42	48	43	32	16	28	36	33	43	41	41	24	52	50
chr14	49	36	49	46	38	21	32	27	39	36	33	43	54	25	36	35
chr14	31	34	41	32	30	36	30	38	36	35	46	32	41	29	32	76
chr14	45	26	31	49	21	17	44	31	50	34	49	36	34	36	45	51
chr14	78	31	29	55	46	37	19	35	30	17	13	30	38	52	29	60
chr14	70	53	33	39	51	33	24	38	39	33	13	30	35	27	46	35
chr14	66	46	32	55	39	22	28	29	41	26	26	24	52	24	31	58
chr14	72	44	35	52	43	37	27	26	40	19	29	29	49	33	26	38
chr14	88	32	52	47	33	17	24	31	63	31	31	21	36	25	39	29
chr14	33	36	20	46	47	51	46	38	25	49	28	28	30	45	36	41
chr14	25	31	26	45	36	21	17	40	24	31	49	58	42	31	70	53
chr14	53	31	31	53	33	11	20	33	29	19	41	45	54	36	42	68
chr14	54	26	39	47	32	37	30	31	39	38	37	30	41	29	37	52
chr14	58	41	34	56	33	17	12	32	41	16	29	36	57	20	47	70
chr14	57	31	36	52	38	30	18	42	32	22	15	35	49	45	34	63
chr14	82	47	38	54	72	33	16	28	32	34	13	17	35	36	28	34
chr14	68	42	26	74	45	23	19	22	49	14	19	24	49	29	42	54
chr14	55	28	21	51	42	33	19	38	20	12	28	47	39	58	39	69
chr14	56	47	30	39	58	45	26	48	29	29	15	26	28	57	28	38
chr14	55	47	37	37	46	36	27	45	32	32	19	28	44	39	28	47
chr14	54	35	31	59	47	21	16	39	31	31	19	28	46	36	43	63
chr14	63	30	38	31	26	20	21	42	31	34	27	47	42	26	53	68
chr14	43	30	30	40	32	20	26	35	30	21	28	41	39	41	36	107
chr14	38	21	38	47	27	28	25	46	37	28	27	43	41	49	46	58
chr14	48	27	34	64	40	28	14	32	37	26	26	38	48	32	54	51
chr14	63	35	40	47	39	25	18	38	34	23	25	34	49	37	33	59
chr14	70	37	24	55	35	20	21	37	46	24	24	25	35	33	50	63
chr14	69	35	29	61	44	25	26	35	32	29	31	19	49	41	24	50
chr14	55	20	35	75	34	17	17	24	42	14	20	36	54	42	40	74
chr14	56	23	27	65	39	35	19	39	32	21	12	35	45	52	42	57
chr14	31	27	29	52	33	18	14	35	32	23	42	53	43	32	64	71
chr14	35	28	16	48	33	19	19	43	24	22	39	48	36	44	59	86
chr14	66	33	42	48	48	21	8	39	38	28	22	25	38	34	41	68
chr15	49	53	11	81	57	37	17	36	10	20	12	22	78	37	24	55
chr15	82	35	35	46	43	30	10	37	30	19	20	26	43	35	30	78
chr15	47	39	32	44	43	25	18	44	37	21	37	37	35	45	45	50
chr15	50	28	26	55	25	23	28	35	37	19	34	42	47	41	44	65
chr15	44	26	95	24	21	6	13	23	76	11	57	63	47	20	42	31
chr15	108	21	38	53	32	16	11	31	35	22	22	29	45	32	37	67
chr15	69	37	31	46	42	21	18	34	34	19	25	36	38	38	40	71
chr15	69	27	27	49	27	19	22	30	39	24	37	37	37	28	52	75
chr15	43	26	26	61	38	29	24	35	36	24	12	37	40	47	47	74
chr15	56	31	31	37	48	38	33	39	15	43	28	39	36	46	33	46
chr15	38	22	34	33	35	23	28	47	23	35	38	47	31	53	42	70
chr15	53	43	43	45	72	40	19	39	27	43	25	20	32	44	28	26
chr15	41	54	29	15	47	45	22	75	18	30	12	38	33	60	35	45
chr15	35	39	27	42	34	34	46	46	32	41	19	31	41	46	32	54
chr15	68	31	44	50	38	24	31	23	52	27	29	34	35	34	38	41
chr15	39	48	44	21	42	39	62	25	51	49	35	35	19	33	29	28
chr15	27	38	32	32	44	39	57	31	34	59	39	34	25	35	38	35
chr15	47	49	34	42	53	45	38	33	42	36	22	23	30	38	30	37
chr15	46	40	39	46	54	31	18	37	36	37	17	27	35	32	42	62
chr15	46	33	42	41	49	35	19	42	32	30	32	29	36	46	30	57
chr15	53	21	37	63	31	19	15	31	39	12	19	42	51	44	41	81
chr15	62	31	32	56	44	16	18	29	32	18	25	38	43	42	38	75
chr15	66	29	37	37	36	25	33	35	29	39	34	47	38	37	45	32
chr15	69	33	57	33	38	21	18	25	50	24	38	38	35	24	37	59
chr15	43	59	36	29	80	80	21	44	24	40	21	16	20	45	23	18
chr15	66	43	35	46	61	56	20	30	21	38	30	28	42	30	32	21
chr15	75	41	45	52	52	37	15	25	45	22	22	25	41	29	32	41
chr15	82	39	40	36	33	23	38	20	42	32	42	33	39	20	29	51
chr15	31	36	28	39	42	33	43	34	27	46	33	48	33	38	50	38
chr15	53	31	33	52	28	26	23	35	37	27	30	35	52	27	43	67
chr15	38	39	31	39	47	47	35	35	37	31	24	38	25	47	39	47
chr15	43	30	27	65	27	11	19	39	33	23	26	42	61	32	53	68
chr15	81	19	36	61	23	15	24	26	36	21	22	41	57	33	39	65
chr15	46	14	44	50	28	17	20	38	48	24	30	36	32	48	44	80
chr15	48	47	31	39	49	52	59	14	41	45	34	32	27	30	29	22
chr15	52	42	23	42	47	48	30	33	27	32	31	34	33	37	39	49
chr15	41	24	34	53	37	39	24	40	37	40	34	26	37	36	46	51
chr15	107	33	33	49	40	18	19	30	30	24	17	29	45	32	31	62
chr15	62	35	47	50	44	16	14	32	56	31	34	24	32	24	49	49
chr15	72	27	41	71	38	6	19	21	46	23	20	34	55	28	43	55
chr15	41	32	16	62	32	19	19	30	28	21	26	33	50	29	46	115
chr15	64	26	41	47	39	33	16	38	37	22	12	31	38	44	34	77
chr15	37	19	55	65	19	8	16	5	48	16	68	73	72	5	67	26
chr16	109	30	32	60	46	27	18	16	31	23	21	32	45	27	36	46
chr16	53	28	28	51	27	12	19	36	34	19	23	32	45	36	38	118
chr16	56	28	41	45	41	20	13	43	43	28	35	28	30	41	45	62
chr16	46	23	43	55	45	15	14	37	29	38	22	41	47	35	51	58
chr16	56	26	38	61	39	20	13	26	31	23	24	34	55	29	36	88
chr16	39	23	31	56	32	21	16	28	42	29	40	39	35	24	63	81
chr16	83	51	37	43	50	18	29	25	39	32	25	29	42	21	34	41
chr16	39	23	60	42	24	8	17	25	37	19	35	77	64	24	57	48
chr16	46	32	34	43	44	37	24	41	31	33	18	31	34	43	37	71
chr16	45	32	39	27	43	35	39	33	28	47	38	41	28	36	38	50
chr16	74	42	44	56	55	21	9	22	41	20	28	34	45	24	42	42
chr16	49	24	32	41	26	25	27	44	47	34	34	38	24	39	61	54
chr16	73	28	33	44	30	31	24	40	32	32	25	43	44	34	50	36
chr16	51	38	21	48	46	51	32	36	23	38	14	31	39	37	39	55
chr16	71	30	38	44	37	29	18	28	30	23	34	31	45	30	29	82
chr16	45	27	35	71	51	25	16	31	36	22	24	30	46	50	37	53
chr16	45	32	35	34	31	28	36	42	33	44	43	34	36	33	40	53
chr16	63	42	30	47	50	38	23	34	29	22	16	20	41	42	18	84
chr16	71	44	23	59	59	25	26	38	34	21	17	25	33	58	31	35
chr16	76	30	48	52	38	21	20	24	55	27	34	25	38	24	39	48
chr16	55	23	50	63	31	20	16	25	58	21	36	32	46	29	45	49
chr16	52	40	34	55	55	48	23	29	29	34	17	25	46	33	31	48
chr16	65	29	35	62	33	21	26	35	37	30	26	26	56	35	32	51
chr16	49	40	30	47	43	37	13	42	28	22	26	34	46	36	42	64
chr16	45	45	25	42	45	54	30	49	26	37	25	28	41	43	35	29
chr16	50	25	39	50	28	26	12	43	55	24	38	29	32	34	57	57
chr16	42	30	44	53	41	30	16	41	49	24	27	25	37	44	39	57
chr16	16	24	21	38	33	33	34	50	28	51	43	41	22	43	65	57
chr16	48	25	24	53	36	34	18	46	30	37	14	34	35	38	59	68
chr16	46	92	40	18	71	48	14	65	25	37	10	24	55	20	32	2
chr2	18	24	58	25	29	13	16	42	27	30	41	76	51	33	59	57
chr2	42	28	30	58	40	32	18	41	27	25	24	35	48	47	39	65
chr2	50	25	38	48	26	16	16	43	43	18	30	42	42	42	49	71
chr2	75	25	34	58	21	20	25	27	50	18	25	37	46	29	46	63
chr2	59	56	22	62	44	41	22	46	46	12	15	19	50	43	33	29
chr2	62	30	38	33	36	31	27	28	35	31	42	40	30	29	42	65
chr2	64	47	33	36	52	50	28	41	19	41	16	25	45	33	24	45
chr2	60	48	31	53	48	36	40	23	40	40	32	25	43	23	34	23
chr2	58	35	40	39	47	32	32	34	38	42	31	29	29	36	37	40
chr2	65	36	30	57	34	20	19	42	38	21	17	25	50	38	36	71
chr2	58	32	37	57	41	19	19	39	40	24	25	30	45	42	38	53
chr2	65	24	29	61	32	12	15	37	36	18	22	29	46	42	38	93
chr2	64	35	36	47	35	22	8	46	42	13	23	31	42	41	42	72
chr2	54	36	30	51	36	23	11	52	25	20	15	35	55	43	39	74
chr2	57	29	38	42	41	27	24	29	31	23	33	48	37	43	40	57
chr2	49	42	34	39	38	27	19	49	34	28	22	36	43	37	45	57
chr2	71	34	27	59	35	29	24	37	31	29	19	21	55	33	30	65
chr2	47	28	32	49	40	26	20	36	29	26	26	47	39	42	50	62
chr2	50	37	36	48	34	25	22	37	33	24	19	37	54	32	36	75
chr2	47	51	46	25	77	59	20	33	28	50	28	23	17	28	36	31
chr2	45	34	47	40	57	45	20	27	37	31	30	38	27	39	39	43
chr2	55	32	37	42	38	42	27	35	37	30	28	41	36	38	44	37
chr2	32	28	32	53	42	27	31	39	36	28	26	36	35	56	37	61
chr2	41	38	43	42	47	29	20	34	39	34	43	31	38	29	41	50
chr2	70	43	29	42	42	33	18	48	31	26	18	30	41	39	41	48
chr2	75	23	39	56	38	13	16	26	35	25	29	40	45	32	45	62
chr3	65	30	48	56	42	24	14	26	44	20	25	39	49	32	41	44
chr3	76	33	44	62	38	25	22	31	56	21	27	19	45	36	31	33
chr3	95	41	47	46	36	26	16	33	54	22	32	24	44	22	36	25
chr3	76	38	33	43	38	38	23	30	39	26	22	28	37	27	37	64
chr3	48	29	37	48	43	25	27	31	28	32	24	43	43	41	39	61
chr3	71	40	36	37	42	49	27	36	30	36	29	24	41	29	27	45
chr3	79	35	45	60	48	31	11	26	42	25	24	27	49	25	39	33
chr3	86	39	36	56	36	21	15	33	45	22	25	24	51	23	40	47
chr3	68	32	42	61	34	14	14	34	51	20	30	26	51	30	40	52
chr3	78	43	34	45	50	36	14	32	31	28	26	29	41	25	40	47
chr3	70	40	24	68	54	28	9	37	19	15	14	22	59	45	23	72
chr3	59	33	26	52	36	39	21	38	27	16	19	37	49	46	32	69
chr3	39	36	33	37	47	37	35	36	41	34	41	42	17	48	49	27
chr3	31	29	38	45	36	30	30	46	44	26	35	39	32	57	41	40
chr3	34	49	22	35	41	41	44	51	36	38	19	29	29	49	37	45
chr3	75	43	34	35	43	24	32	36	37	38	24	31	31	31	40	45
chr3	35	54	34	28	55	40	27	48	33	41	41	28	27	35	42	31
chr3	55	60	32	47	59	29	17	45	35	26	14	32	45	36	44	23
chr3	57	26	27	74	40	30	23	25	30	23	25	28	57	39	30	65
chr3	64	50	38	50	58	35	6	36	29	19	20	29	51	31	33	50
chr3	62	38	26	53	42	23	22	36	31	19	22	36	45	43	38	63
chr3	67	29	43	46	46	40	16	27	39	29	32	32	33	32	40	48
chr3	60	22	37	87	24	12	15	14	35	16	31	48	87	15	48	48
chr4	61	33	38	48	34	21	18	39	41	16	27	39	44	43	40	57
chr4	53	47	33	41	52	38	24	38	32	34	34	26	38	33	35	41
chr4	51	42	24	52	55	47	13	46	25	24	16	25	38	47	37	57
chr4	41	43	39	42	47	32	20	37	37	25	27	38	41	36	40	54
chr4	50	43	34	48	40	30	29	31	42	24	37	37	44	33	40	37
chr4	40	20	37	41	34	25	40	28	40	50	45	41	24	32	55	47
chr4	55	44	28	40	62	80	13	56	14	28	14	22	36	59	23	25
chr4	30	25	58	42	6	7	27	18	82	22	77	61	36	4	80	24
chr4	45	47	31	52	42	28	25	33	32	15	21	38	56	38	29	67
chr4	87	30	41	53	31	17	19	39	48	17	27	28	45	43	32	42
chr4	43	25	36	71	34	14	25	33	44	32	18	40	55	35	54	40
chr4	38	29	41	39	37	23	25	35	43	36	37	42	30	32	54	58
chr4	33	33	21	50	37	41	23	52	24	31	21	34	43	48	45	63
chr4	47	28	36	54	38	25	23	30	35	27	39	37	44	36	41	59
chr4	52	28	26	48	42	33	18	50	27	29	32	33	33	52	45	51
chr4	33	16	49	27	30	37	25	22	33	28	63	72	28	34	59	43
chr4	63	29	27	63	40	20	17	30	26	22	12	33	52	37	37	91
chr4	39	24	28	52	43	19	20	42	21	19	25	42	40	62	34	89
chr4	63	37	32	62	38	28	13	26	56	10	19	31	37	30	52	65
chr4	77	27	36	56	30	16	16	37	39	21	15	36	51	35	44	63
chr4	64	34	34	53	43	29	17	37	32	12	34	41	47	51	33	38
chr4	47	31	46	33	39	42	34	32	45	47	51	30	26	27	42	27
chr4	53	30	30	61	53	36	12	37	29	27	12	23	38	45	38	75
chr4	81	24	35	54	42	25	10	39	29	23	21	25	43	44	32	72
chr4	95	37	43	49	38	26	10	40	48	24	11	21	43	27	40	47
chr4	68	42	41	52	62	32	17	28	32	23	19	32	41	43	29	38
chr4	41	31	33	55	40	26	23	40	38	31	26	30	41	40	44	60
chr4	67	22	41	52	31	16	19	38	45	24	27	32	38	42	42	63
chr4	54	33	36	38	37	33	20	35	31	38	30	42	39	21	55	57
chr4	26	22	38	35	21	24	44	31	40	45	51	54	33	29	57	49
chr4	51	24	40	31	32	24	34	31	42	38	39	46	22	35	52	58
chr4	68	38	39	61	47	22	12	25	48	16	18	29	43	30	42	61
chr4	74	34	38	70	33	14	18	27	33	18	25	34	75	26	30	50
chr4	36	22	22	57	35	41	30	42	27	30	17	40	38	55	45	62
chr4	57	30	26	51	45	32	23	31	28	25	20	45	34	45	49	58
chr4	75	48	43	65	50	13	11	27	43	21	15	24	63	20	34	47
chr4	51	28	27	90	37	20	8	32	26	7	14	34	81	42	33	69
chr4	69	32	27	63	48	25	12	32	23	25	13	29	51	35	39	76
chr4	60	34	38	53	46	20	14	34	32	21	25	34	47	39	35	67
chr4	52	24	26	64	42	18	9	31	22	19	17	45	51	39	51	89
chr4	108	25	51	57	32	12	11	20	57	16	30	25	44	22	36	53
chr4	77	25	47	46	28	19	10	37	40	26	30	30	51	24	39	70
chr4	48	35	32	49	46	25	17	36	33	25	22	33	37	39	42	80
chr4	62	26	28	32	38	37	23	37	23	36	31	43	25	36	51	71
chr4	45	24	33	53	31	32	19	42	39	16	20	35	40	52	38	80
chr4	52	31	28	57	48	26	15	44	24	18	24	31	44	58	30	69
chr4	44	33	38	43	35	20	18	50	35	24	23	37	44	47	39	69
chr4	28	28	24	53	42	24	15	65	19	24	11	31	44	70	35	86
chr4	60	39	38	44	43	44	24	34	41	28	21	30	37	34	37	45
chr4	97	39	50	49	42	26	14	34	47	24	22	16	48	27	24	40
chr4	49	24	40	60	35	21	17	36	40	29	30	34	49	36	46	53
chr4	49	56	35	49	55	28	33	34	36	29	26	28	49	37	26	29
chr4	24	51	13	52	65	38	23	63	14	26	8	26	37	74	30	55
chr4	52	41	29	64	46	24	18	36	32	26	27	33	56	33	43	39
chr4	78	38	32	49	38	27	30	28	42	31	25	26	39	27	37	52
chr4	18	31	26	35	29	35	34	62	28	43	15	40	35	51	51	66
chr4	36	42	36	39	48	57	38	29	29	39	22	34	40	34	27	49
chr4	48	37	34	54	51	31	20	36	20	33	22	32	55	36	31	59
chr4	46	26	31	41	36	34	27	33	31	37	39	42	31	34	51	60
chr4	77	32	39	48	36	15	17	34	40	18	27	36	44	37	37	62
chr5	59	45	23	47	51	33	22	59	22	34	10	25	42	54	35	38
chr5	13	33	45	29	43	24	19	48	18	40	30	64	46	38	58	51
chr5	56	23	26	56	30	24	23	39	27	25	20	44	48	44	47	67
chr5	45	32	40	49	39	28	20	29	28	27	36	38	54	29	33	72
chr5	48	32	37	38	38	33	40	32	33	38	34	38	36	40	33	49
chr5	58	33	53	48	38	10	15	24	51	31	50	36	45	13	49	45
chr5	66	42	38	36	45	44	36	29	37	29	33	31	33	39	24	37
chr5	63	28	40	39	30	23	40	28	37	46	40	37	39	25	40	44
chr5	46	28	30	45	38	25	29	20	34	28	45	51	32	31	54	63
chr5	53	46	29	54	68	41	15	52	18	39	17	20	43	49	33	22
chr5	36	32	36	36	38	31	50	38	31	55	30	42	34	39	42	29
chr5	48	27	32	50	36	20	27	38	37	36	25	43	36	38	57	49
chr5	20	21	27	30	27	36	35	48	27	39	63	54	23	51	58	40
chr5	70	28	38	65	33	27	21	29	35	20	20	34	64	35	30	50
chr5	38	17	34	36	26	37	36	34	34	38	59	43	27	42	45	53
chr5	86	40	30	72	36	15	15	36	37	9	15	27	69	38	27	47
chr5	62	20	22	66	32	19	16	47	29	21	19	28	46	54	40	78
chr5	49	28	30	65	45	27	18	26	30	22	32	30	48	39	34	76
chr5	47	39	33	33	38	22	41	37	36	46	35	38	31	31	46	46
chr5	26	29	34	36	52	38	41	46	20	68	38	28	27	42	42	32
chr5	25	30	43	39	20	17	27	47	58	28	34	46	34	36	62	53
chr5	64	34	27	44	44	40	19	54	15	26	12	30	46	57	26	61
chr5	59	25	31	57	44	35	18	34	23	27	17	39	45	44	40	61
chr5	36	44	43	50	42	13	26	29	51	31	39	38	44	23	50	40
chr5	50	38	32	56	36	22	22	25	44	24	23	41	47	21	55	63
chr6	9	29	43	34	42	17	22	49	17	48	36	65	46	36	65	41
chr6	59	26	33	56	32	15	16	37	42	25	27	32	41	34	50	74
chr6	47	26	39	54	34	21	18	40	41	28	33	32	44	38	44	60
chr6	53	30	40	44	31	22	12	34	46	21	45	45	37	25	61	53
chr6	42	25	33	53	23	22	27	29	35	30	29	47	53	23	53	75
chr6	38	45	35	46	55	47	32	29	28	42	24	36	44	28	39	31
chr6	98	29	49	33	35	29	21	26	46	28	55	27	30	26	31	36
chr6	64	39	44	48	36	24	18	36	44	22	38	31	51	29	35	40
chr6	65	29	35	53	40	23	11	29	37	18	23	40	40	33	49	74
chr6	51	30	27	57	39	22	22	40	29	24	14	36	46	47	39	76
chr6	64	28	29	54	40	29	12	45	23	20	23	30	49	49	32	72
chr6	72	42	49	42	46	29	24	27	46	29	27	25	40	26	27	48
chr6	68	38	51	52	46	19	12	23	59	18	27	28	35	25	42	56
chr6	50	33	37	50	39	20	10	38	38	18	34	45	43	35	54	55
chr6	38	24	33	29	29	39	23	49	24	37	35	47	33	39	52	68
chr6	34	25	31	45	35	37	51	41	32	49	35	36	34	52	35	27
chr6	52	39	44	55	58	23	20	27	40	32	35	28	40	33	36	37
chr6	84	23	48	44	31	25	26	23	44	34	42	31	40	23	34	47
chr6	22	37	22	25	29	40	68	39	35	62	41	37	19	37	45	41
chr6	68	26	46	63	44	19	12	32	41	21	16	26	51	41	29	64
chr7	65	38	30	61	31	19	21	30	26	19	8	43	72	25	37	74
chr7	52	26	31	59	39	22	21	39	33	25	19	37	44	47	44	61
chr7	59	25	37	50	34	18	16	38	34	18	27	43	44	44	43	69
chr7	55	43	40	54	56	29	20	37	36	30	16	28	45	39	35	36
chr7	40	34	34	47	42	30	24	31	53	26	40	36	20	37	57	48
chr7	51	22	41	59	40	25	15	31	43	28	32	34	39	36	49	54
chr7	69	35	37	49	34	29	19	43	34	17	18	32	53	44	27	59
chr7	52	24	34	66	41	23	14	36	31	31	25	31	53	35	45	58
chr7	65	32	45	50	37	24	29	25	41	34	39	30	50	25	30	43
chr7	58	33	32	44	24	21	23	39	37	23	22	38	48	29	43	85
chr7	42	31	34	64	50	20	11	32	19	21	21	47	60	41	42	64
chr7	24	46	23	25	48	41	54	33	33	57	44	39	13	32	53	34
chr7	31	37	29	40	40	38	48	29	33	53	40	33	33	27	42	46
chr7	20	34	19	32	42	48	28	71	27	43	28	30	17	64	53	43
chr7	51	19	43	53	27	19	21	36	37	31	29	40	52	34	44	63
chr7	45	19	29	43	20	26	43	36	35	34	27	44	37	45	41	75
chr7	55	34	31	54	36	28	22	41	41	24	19	23	43	41	34	73
chr7	61	36	36	63	32	20	12	37	39	15	10	26	64	31	32	85
chr7	60	33	48	58	42	30	18	31	60	28	32	17	36	30	40	36
chr7	55	34	48	50	47	28	17	36	50	20	33	27	36	46	32	40
chr7	37	24	30	30	24	41	45	43	34	41	36	39	25	47	39	64
chr7	26	29	31	39	34	38	54	30	36	51	48	36	29	38	39	41
chr7	36	49	42	48	67	34	32	28	41	32	18	25	31	46	24	46
chr7	42	30	33	46	38	22	30	29	34	31	30	44	37	37	45	71
chr7	57	23	29	52	32	25	18	33	23	26	32	38	48	34	41	88
chr7	78	31	46	50	48	23	13	32	37	27	24	28	42	35	33	52
chr7	65	25	34	65	33	19	18	32	44	22	35	29	48	36	42	52
chr7	76	25	36	56	28	16	9	30	38	14	28	35	51	29	42	86
chr7	60	25	46	40	39	16	18	39	34	30	40	42	38	40	42	50
chr7	56	38	34	45	38	28	25	43	36	31	31	28	42	38	36	50
chr7	49	28	27	51	31	31	26	39	31	30	28	32	44	38	41	73
chr7	62	32	26	49	34	33	19	39	26	20	26	27	46	40	28	92
chr7	75	35	33	54	46	30	11	33	28	17	13	29	48	38	30	79
chr7	118	38	66	21	37	27	8	42	61	20	24	23	28	29	30	27
chr7	83	40	52	51	50	15	16	26	52	14	23	28	41	37	27	44
chr7	58	39	28	53	37	34	27	35	35	29	20	33	47	31	42	51
chr7	22	38	28	46	36	22	48	36	37	45	40	33	40	36	39	53
chr7	43	38	21	48	40	30	25	46	24	25	24	41	43	48	44	59
chr8	46	31	27	39	41	39	24	63	25	39	15	27	31	58	39	55
chr8	13	31	45	27	42	26	19	51	22	42	30	61	39	39	60	52
chr8	73	32	34	64	37	29	15	37	33	23	20	19	61	34	26	62
chr8	63	30	32	55	38	18	20	34	30	30	18	38	50	31	46	66
chr8	61	36	28	54	39	27	20	48	31	38	16	23	48	33	44	53
chr8	52	35	35	59	48	31	19	36	39	28	21	23	41	40	36	56
chr8	63	26	30	60	34	17	17	31	27	29	24	35	55	26	44	81
chr8	46	33	26	46	39	31	16	44	32	25	22	32	35	40	47	85
chr8	26	16	39	60	35	22	19	28	43	24	38	52	37	42	60	58
chr8	49	27	31	35	31	23	42	29	30	35	38	48	32	41	40	68
chr8	76	32	32	51	44	23	20	31	27	29	24	25	43	34	30	78
chr8	28	42	33	40	46	35	54	39	38	52	29	28	30	46	31	28
chr8	20	34	45	31	41	44	43	34	48	38	40	42	21	46	40	32
chr8	134	29	46	57	35	17	10	27	42	16	13	24	55	27	26	41
chr8	86	24	39	58	38	22	14	25	40	15	18	34	43	38	36	69
chr8	68	20	42	63	40	10	10	24	45	17	29	34	41	37	43	76
chr8	30	40	24	46	34	32	36	45	33	36	26	35	44	39	43	56
chr8	48	47	36	37	62	41	34	29	40	46	20	25	18	32	41	43
chr8	54	28	33	51	46	29	22	34	30	30	16	30	36	44	35	81
chr8	62	44	38	63	58	18	11	27	32	28	32	28	54	24	40	40
chr8	43	36	53	41	36	18	30	24	48	31	41	48	45	23	44	38
chr8	56	48	44	39	57	44	29	33	40	31	21	28	34	40	26	29
chr8	67	30	37	59	31	28	34	19	38	36	29	38	57	18	40	38
chr8	49	39	29	51	45	35	21	42	33	18	24	36	41	51	37	48
chr8	55	71	30	27	62	33	20	48	31	27	19	34	34	32	42	34
chr8	49	46	27	39	56	35	18	61	21	26	18	28	34	63	30	48
chr8	38	25	40	30	36	27	32	46	30	52	23	38	30	37	48	67
chr8	68	30	31	46	39	25	16	31	34	23	43	45	35	32	55	46
chr9	59	42	59	25	45	27	24	19	43	25	38	55	38	21	40	39
chr9	58	38	66	43	39	15	12	36	81	30	23	18	27	19	52	42
chr9	69	31	49	39	36	35	26	24	31	24	32	43	52	32	23	53
chr9	52	20	42	55	43	27	13	32	36	30	33	42	39	37	53	45
chr9	61	32	33	52	34	26	11	37	34	16	30	38	48	35	44	68
chr9	38	31	30	44	36	31	18	56	29	20	16	38	39	59	39	75
chr9	52	32	31	55	48	33	18	36	28	26	19	33	42	44	39	63
chr9	66	38	41	40	40	21	12	39	49	11	24	36	31	42	43	66
chr9	56	43	44	37	41	22	21	43	42	28	25	31	41	35	35	55
chr9	37	30	31	46	38	27	41	30	34	39	39	33	35	41	34	64
chr9	43	26	54	43	42	15	23	23	48	29	60	43	34	33	43	40
chr9	50	35	26	45	48	29	30	32	29	30	35	36	28	45	40	61
chr9	69	38	27	52	46	25	28	18	39	36	32	48	31	18	69	23
chr9	57	32	46	36	26	22	26	39	51	34	41	33	37	26	45	48
chr9	64	38	43	52	39	16	20	31	45	22	44	29	49	29	34	44
chr9	36	43	38	37	39	38	48	26	54	36	35	40	26	34	43	26
chr9	68	32	28	48	45	33	16	44	22	22	20	31	42	50	31	67
