Chromosome	AAA	AAC	AAG	AAT	ACA	ACC	ACG	ACT	AGA	AGC	AGG	AGT	ATA	ATC	ATG	ATT	CAA	CAC	CAG	CAT	CCA	CCC	CCG	CCT	CGA	CGC	CGG	CGT	CTA	CTC	CTG	CTT	GAA	GAC	GAG	GAT	GCA	GCC	GCG	GCT	GGA	GGC	GGG	GGT	GTA	GTC	GTG	GTT	TAA	TAC	TAG	TAT	TCA	TCC	TCG	TCT	TGA	TGC	TGG	TGT	TTA	TTC	TTG	TTT
chr1	9	8	11	9	9	10	4	7	11	13	5	14	13	11	9	14	8	10	12	14	8	3	3	2	6	1	5	4	6	11	13	10	12	8	10	9	10	0	5	14	9	10	5	13	10	5	9	16	8	4	9	15	17	3	4	17	13	5	22	9	7	14	18	15
chr1	4	11	13	15	11	3	3	14	11	4	10	13	4	1	15	10	3	8	15	3	2	2	3	8	0	4	2	4	2	5	18	11	14	5	4	10	12	1	0	8	4	5	1	27	29	6	16	24	22	7	6	2	4	9	4	6	18	7	24	31	2	11	31	16
chr1	13	12	8	12	9	11	9	7	9	3	5	23	11	4	14	12	10	5	11	13	9	5	6	3	3	2	6	8	5	0	10	7	13	8	4	9	8	2	0	5	7	5	8	19	23	13	13	19	9	11	17	8	13	5	4	7	15	5	20	18	6	11	21	7
chr1	13	13	15	12	9	8	6	12	12	9	11	11	10	6	12	14	13	6	7	10	6	1	6	5	4	4	8	6	8	3	10	13	10	8	6	12	12	7	5	9	9	9	14	9	15	5	10	9	17	8	14	8	9	2	5	8	11	11	8	13	14	10	11	17
chr1	5	7	3	6	13	10	8	10	3	7	1	7	9	20	5	9	9	23	11	22	23	15	11	14	3	13	6	10	4	15	16	9	4	3	1	5	13	18	6	10	3	6	5	5	6	8	9	10	3	8	3	10	16	20	7	10	4	21	7	11	6	10	12	11
chr1	15	5	11	12	10	5	9	5	10	10	7	9	14	10	12	15	11	6	10	9	9	5	2	11	11	5	3	2	5	7	9	15	10	8	10	15	7	6	2	10	10	5	7	10	5	8	8	15	7	10	5	14	10	11	8	11	12	5	15	15	12	15	18	15
chr1	9	12	16	18	11	2	7	11	24	6	10	17	20	7	15	12	7	3	8	5	3	1	3	4	9	3	3	2	9	3	10	10	25	7	19	17	7	3	2	7	15	3	5	8	11	6	10	10	14	9	14	14	3	5	5	10	19	7	13	10	11	7	14	8
chr1	12	9	12	18	8	6	3	7	7	17	4	8	16	10	5	26	17	7	8	13	8	3	2	8	1	5	4	4	8	9	5	20	5	2	4	12	11	5	1	13	3	5	3	7	10	9	4	9	17	6	12	14	18	7	8	14	11	4	7	13	15	19	21	19
chr1	22	11	7	19	11	7	7	5	11	6	9	11	13	11	5	18	11	7	10	11	12	5	3	8	6	1	2	7	5	7	4	17	17	4	5	11	4	7	0	7	8	5	7	8	7	6	7	16	9	8	15	5	12	9	6	13	12	6	10	10	12	16	23	24
chr1	27	12	18	22	12	6	4	4	22	10	9	5	15	13	14	18	15	6	6	11	6	1	2	4	5	4	5	2	9	1	6	9	23	4	12	12	12	4	6	10	7	7	6	7	7	3	8	7	14	4	10	15	8	2	4	8	17	11	7	11	11	5	18	15
chr1	9	12	8	14	7	11	3	6	6	6	8	6	11	24	4	16	12	3	9	23	13	8	6	11	8	4	4	10	7	7	9	15	14	4	5	7	10	5	4	3	5	5	2	9	4	12	5	13	9	8	4	10	17	14	13	18	11	7	7	9	9	19	16	20
chr1	19	12	14	17	10	8	5	15	9	8	5	10	20	9	9	12	15	7	7	12	11	1	3	6	4	4	2	6	9	9	8	18	13	3	5	7	6	3	5	7	4	3	4	6	9	6	11	10	16	16	6	14	13	9	3	16	11	6	6	14	14	17	9	22
chr1	13	26	9	6	15	13	12	11	11	5	6	6	4	17	7	5	20	9	14	16	24	14	8	11	9	13	6	9	11	15	9	8	15	11	2	6	10	14	4	10	8	6	4	4	3	8	7	4	7	5	3	4	10	16	13	11	6	14	6	3	1	10	6	5
chr1	28	14	11	15	14	11	8	9	8	3	8	10	8	5	15	21	15	11	7	13	13	6	5	5	4	3	8	6	7	4	10	6	15	10	5	8	8	9	3	5	15	8	11	8	7	7	8	7	10	7	6	13	11	4	5	8	11	11	15	5	14	11	9	13
chr1	26	9	13	15	15	4	2	12	9	10	12	9	9	8	7	21	8	12	12	9	4	2	2	8	2	3	5	2	12	14	7	14	14	2	6	6	10	6	2	11	9	8	2	7	9	6	4	10	15	10	9	15	12	4	7	16	8	8	7	11	19	11	16	21
chr1	18	20	5	9	28	15	5	13	9	10	3	7	4	15	4	11	21	16	12	14	20	3	2	9	8	0	3	5	15	10	16	15	10	6	9	1	5	3	8	7	2	3	1	6	5	5	7	11	3	18	3	10	11	13	1	27	7	10	5	10	10	22	5	9
chr1	12	16	6	12	17	9	10	12	9	12	3	14	6	5	9	9	17	10	13	4	9	0	7	6	11	6	7	4	10	3	22	12	11	8	9	6	10	6	5	18	3	9	1	8	10	9	11	12	6	14	10	7	8	7	5	11	11	12	10	16	11	14	7	11
chr1	15	6	7	11	11	4	5	3	10	14	7	5	6	8	6	12	11	9	8	6	7	6	8	6	1	12	5	14	8	11	16	16	9	3	8	6	12	11	10	17	6	8	8	4	9	9	6	16	4	5	13	9	4	6	9	25	8	16	6	17	8	16	20	16
chr1	18	15	14	11	10	10	4	19	10	5	4	8	8	5	8	13	13	14	6	10	12	0	4	3	5	3	4	7	7	4	16	16	12	5	3	3	6	1	6	12	0	7	1	9	12	8	6	9	15	9	5	10	14	8	5	9	8	10	8	11	12	19	7	62
chr10	3	8	5	14	9	11	5	13	8	12	2	8	10	11	9	12	11	13	12	14	13	10	4	18	5	4	2	6	10	8	19	18	6	5	5	7	11	8	3	11	3	4	0	5	7	13	6	8	10	12	8	7	17	16	5	13	7	13	8	15	10	19	9	20
chr10	28	12	9	16	6	14	0	15	3	5	6	7	14	13	10	11	12	8	4	13	8	4	5	11	2	4	6	3	14	13	11	16	8	3	4	7	8	2	3	7	5	5	3	11	9	10	3	11	17	12	4	12	15	7	7	21	12	6	9	13	8	14	16	23
chr10	14	12	10	15	6	11	8	16	8	7	10	7	6	14	12	11	15	9	10	9	16	4	1	8	7	3	6	3	10	7	12	14	15	5	8	12	7	5	3	6	12	6	4	13	9	10	6	9	7	15	4	7	14	9	8	13	13	5	14	11	8	13	13	13
chr10	16	9	15	15	9	6	3	9	11	5	8	8	13	14	8	13	15	6	3	10	5	5	4	9	3	2	1	11	10	10	8	21	12	4	2	10	11	4	2	8	6	8	7	8	11	7	11	8	11	8	12	13	9	8	8	23	8	10	13	10	10	17	14	20
chr10	17	9	11	11	7	9	4	6	13	8	10	8	8	12	11	13	8	5	11	8	9	7	3	13	4	3	6	6	10	10	7	15	15	6	9	12	8	6	2	8	11	7	3	8	8	7	11	8	8	6	8	12	8	10	10	15	14	6	10	12	9	14	13	32
chr10	37	6	13	16	5	7	8	6	11	5	14	4	14	9	9	13	11	4	5	9	5	1	4	7	7	4	5	13	6	8	7	19	14	9	9	7	8	3	5	9	15	9	5	6	7	8	7	9	10	7	6	13	11	7	12	18	6	7	11	8	9	23	9	19
chr10	21	10	6	15	17	6	7	6	5	4	6	8	10	18	14	13	10	12	11	17	7	1	2	11	5	4	2	8	9	13	6	18	9	8	5	8	5	4	2	8	3	6	0	7	6	9	1	15	11	6	1	16	21	10	8	21	17	5	8	8	9	20	17	22
chr10	43	12	20	18	13	6	4	8	27	12	7	8	12	7	14	15	14	5	6	8	5	1	2	8	8	1	4	1	13	8	4	8	21	5	19	13	5	3	7	7	6	3	4	10	7	2	5	10	14	10	9	9	10	6	1	10	17	6	8	5	10	10	13	11
chr10	16	6	10	11	14	6	6	4	12	9	15	15	7	6	9	6	6	9	15	5	3	5	2	8	9	3	5	7	9	5	8	10	14	8	13	6	17	2	7	11	12	10	6	14	10	6	16	22	6	7	14	6	1	5	9	9	8	15	16	18	7	7	24	11
chr10	11	7	11	9	7	6	3	9	8	9	10	15	11	13	12	9	9	8	16	16	8	4	7	9	3	8	4	10	8	7	10	10	10	6	6	7	18	8	7	10	9	12	6	7	7	10	13	12	8	4	9	13	16	10	8	7	9	14	14	11	8	11	12	9
chr10	11	8	10	9	16	10	6	8	8	13	11	11	16	11	9	7	10	18	11	13	19	2	1	4	7	9	4	3	5	6	12	16	8	8	11	9	9	7	9	13	11	5	13	7	8	7	6	7	9	6	11	12	9	7	7	14	10	11	8	7	8	13	9	15
chr10	9	8	8	5	12	14	13	8	7	11	9	5	3	10	12	5	12	12	11	13	11	13	12	7	13	13	10	7	13	3	12	6	6	15	8	8	14	10	11	15	10	14	6	9	4	10	9	9	3	12	5	4	11	6	7	5	7	12	14	11	3	6	11	16
chr10	29	13	20	21	21	9	11	11	24	5	5	6	24	15	13	15	18	12	6	15	5	2	1	8	10	0	3	5	6	4	7	5	23	13	7	13	10	0	3	2	6	3	1	3	9	2	3	7	13	14	7	18	15	5	3	2	16	7	4	7	12	4	11	6
chr10	27	24	17	17	22	8	5	17	19	3	5	12	19	11	12	23	21	5	5	14	6	1	2	4	7	2	2	1	16	2	5	8	15	5	7	17	5	1	2	4	6	5	1	5	11	5	4	2	22	18	10	18	12	3	3	6	11	2	9	4	22	6	5	10
chr10	6	7	11	16	9	4	1	12	16	5	15	9	12	14	6	19	12	5	10	10	8	2	1	6	3	3	3	2	10	15	8	16	10	7	13	8	5	2	2	11	6	4	4	8	9	7	7	12	11	7	11	18	15	9	7	20	13	8	0	16	16	15	16	25
chr10	20	9	9	20	7	6	7	13	11	3	5	12	16	15	7	17	11	5	5	12	7	3	3	10	7	3	3	8	10	14	5	18	13	6	4	11	9	2	2	7	7	2	2	6	9	5	1	16	14	13	13	11	10	12	9	17	9	12	7	5	16	15	20	12
chr10	16	6	25	9	11	5	4	9	25	8	18	9	17	5	14	11	14	4	8	7	6	7	3	8	7	2	3	5	5	10	5	8	16	14	12	17	8	5	5	6	15	7	10	10	9	6	5	10	10	5	15	14	8	7	5	5	12	7	11	6	13	4	13	14
chr10	23	13	12	19	21	6	2	9	14	8	10	9	26	6	10	19	14	7	6	12	7	3	4	6	3	0	2	5	7	4	7	12	12	6	6	14	4	6	1	5	9	3	5	7	12	1	2	12	18	11	17	16	7	5	3	10	12	5	7	6	17	14	11	28
chr10	19	9	13	13	5	6	6	8	8	9	10	10	8	6	14	16	10	11	6	9	11	4	3	6	5	4	5	5	3	8	8	21	12	3	10	10	7	5	4	15	6	4	0	12	13	8	5	11	13	2	8	12	13	9	6	11	16	14	7	10	12	16	20	25
chr10	9	10	23	7	14	15	9	8	16	8	9	11	6	9	12	10	15	14	11	13	14	6	5	5	7	3	9	9	5	7	7	7	21	14	6	11	12	2	6	4	17	8	6	8	4	11	11	10	4	8	4	6	13	7	8	9	12	5	16	8	7	9	11	7
chr10	16	7	17	8	7	9	7	7	14	3	8	9	5	11	16	9	7	8	7	12	7	13	6	17	5	9	3	5	6	5	8	21	10	6	5	13	14	6	6	8	5	9	5	4	13	3	8	8	15	9	5	7	6	15	3	8	11	13	7	14	12	13	13	32
chr10	19	4	14	11	14	8	6	9	8	11	2	13	21	8	8	11	8	13	6	9	7	13	6	14	6	8	8	6	13	8	10	12	9	3	6	9	8	13	10	6	2	10	7	4	11	3	9	9	12	17	8	18	7	6	6	14	11	9	6	9	10	14	8	10
chr10	37	12	15	12	10	8	11	8	11	9	12	6	8	9	12	10	10	7	12	9	10	6	5	6	9	5	5	6	8	11	13	9	18	13	4	7	14	7	5	8	13	6	1	5	6	5	8	8	10	5	7	11	4	6	4	19	9	14	7	10	11	8	8	16
chr10	11	16	6	7	12	15	9	10	10	7	4	6	9	8	3	12	14	11	5	14	13	15	10	13	6	6	4	10	10	14	8	18	7	9	8	3	9	6	1	6	3	3	4	5	5	7	9	10	8	10	8	8	9	15	6	21	9	6	3	10	10	22	8	34
chr10	5	3	24	4	6	1	0	13	31	6	21	42	2	1	10	2	3	4	12	0	0	0	1	1	2	1	4	4	4	2	7	6	27	11	20	7	6	1	5	5	14	5	2	26	45	4	20	22	1	2	44	4	7	0	5	0	18	5	19	19	1	5	24	2
chr10	16	8	14	17	6	12	4	9	9	8	12	9	12	6	13	20	13	9	6	6	9	3	3	8	2	4	5	4	8	3	12	11	10	7	11	16	11	4	4	7	18	5	12	10	9	6	10	7	15	7	7	12	9	4	4	10	15	9	16	9	12	12	14	15
chr10	8	6	19	7	7	10	1	7	10	6	10	12	7	6	9	19	12	5	8	9	13	7	6	8	6	7	5	6	7	7	10	8	13	7	5	7	6	9	9	9	4	9	7	19	12	13	13	12	7	7	6	18	9	8	8	7	12	11	17	13	12	6	21	14
chr10	19	13	14	12	13	7	7	14	16	7	3	11	15	6	15	14	13	6	7	15	13	6	2	5	6	5	3	5	9	9	6	14	13	9	9	12	5	4	2	5	6	1	9	5	7	8	3	12	13	14	7	11	10	9	8	14	14	3	6	9	14	18	8	20
chr11	15	10	11	11	15	7	3	6	12	11	4	9	17	11	11	19	8	9	11	18	7	4	2	8	7	0	4	6	7	12	7	14	14	6	6	7	8	6	6	9	6	7	3	4	8	4	11	7	10	7	8	22	16	4	6	17	8	11	8	11	15	16	9	22
chr11	11	5	7	15	9	12	4	8	4	8	6	5	14	8	7	15	11	15	8	10	11	6	8	9	2	6	5	12	8	11	9	20	8	5	3	4	11	6	4	10	6	4	7	6	7	13	6	9	8	9	5	14	13	10	9	21	8	13	5	12	7	21	16	29
chr11	10	12	12	8	10	9	18	4	14	7	10	4	7	11	16	3	17	10	11	7	11	9	10	10	8	9	10	12	9	11	8	8	13	10	8	7	16	11	7	8	8	17	9	10	9	8	8	7	2	9	4	15	9	11	4	14	7	9	15	6	5	8	5	4
chr11	17	6	9	13	17	6	7	5	8	6	11	5	13	11	14	15	11	10	8	13	3	7	4	6	5	6	4	9	9	9	5	8	6	8	8	9	8	4	5	5	6	6	6	9	9	7	5	17	11	11	5	18	14	3	8	16	12	4	6	15	14	14	12	37
chr11	14	16	13	12	14	9	10	9	10	8	9	7	14	5	14	6	15	15	11	11	17	8	8	9	6	10	8	8	7	8	10	8	14	3	3	6	15	17	11	7	4	17	10	2	8	6	3	7	11	8	7	10	6	9	3	8	6	15	6	7	7	7	7	19
chr11	17	8	8	18	14	7	8	7	10	8	9	5	12	7	7	12	16	9	12	10	9	14	13	12	7	17	12	6	10	13	10	6	8	9	5	5	12	18	14	13	7	19	10	4	3	3	8	5	10	10	6	5	12	9	7	7	3	13	10	4	6	12	5	3
chr11	11	7	13	8	4	4	11	7	11	10	12	9	7	10	11	23	9	5	7	15	12	4	7	3	5	2	4	12	5	4	9	9	14	4	11	9	7	8	4	13	13	10	4	8	14	3	7	14	5	10	11	19	13	10	1	5	9	10	15	9	18	12	16	22
chr11	11	14	13	14	16	9	11	11	10	10	12	11	9	5	14	9	15	10	15	11	12	6	5	10	9	8	5	7	4	8	13	11	15	13	8	6	9	10	5	10	8	10	1	6	11	11	3	7	11	10	7	5	14	8	8	5	15	7	7	8	9	11	7	5
chr11	12	9	8	10	18	8	5	9	8	6	4	8	9	5	5	11	11	14	13	10	11	11	5	17	2	10	7	4	8	11	11	23	5	3	5	4	11	10	7	11	2	10	10	7	7	7	4	11	11	14	1	6	8	15	6	16	5	13	7	10	8	22	15	24
chr11	8	8	7	6	8	8	10	4	9	13	7	12	7	10	6	6	8	9	9	9	11	5	7	8	8	7	16	7	7	12	4	12	6	4	13	13	10	7	11	9	12	9	10	18	12	8	18	16	7	9	13	1	6	11	9	14	7	8	16	17	4	10	20	2
chr11	22	12	12	22	8	10	10	8	8	9	6	11	28	13	8	15	16	7	8	11	8	2	4	4	8	5	4	7	8	4	2	12	7	5	7	13	16	1	4	4	4	8	4	7	10	7	10	6	23	12	7	18	11	5	6	9	12	3	9	8	14	7	12	17
chr11	10	27	11	6	25	18	8	24	3	14	4	5	5	8	6	5	31	23	7	10	20	4	10	8	4	6	8	5	25	15	9	7	8	5	0	5	14	6	4	14	3	7	1	9	2	7	6	8	5	20	8	3	11	14	1	10	8	11	7	4	4	7	9	6
chr11	26	10	20	6	14	12	8	6	17	17	10	11	5	6	9	5	13	9	13	6	8	6	10	12	12	9	10	6	10	2	7	8	19	12	11	9	12	15	12	6	7	14	4	7	6	4	12	9	4	9	11	4	7	4	7	3	15	5	8	7	7	8	7	10
chr11	15	8	17	17	9	9	8	8	15	10	10	9	8	12	5	14	15	11	8	8	11	7	6	8	6	7	2	11	6	8	8	16	20	5	9	9	12	8	4	6	8	8	1	3	11	5	6	10	7	10	10	5	10	7	8	16	14	5	8	9	7	16	17	12
chr11	23	15	13	17	20	8	11	13	19	8	7	4	18	11	8	9	9	16	9	10	13	9	5	3	11	9	5	6	7	2	9	11	20	11	12	7	8	8	6	5	9	6	4	3	9	4	5	5	16	10	4	12	3	5	9	8	11	4	5	10	8	9	8	16
chr11	11	17	7	20	7	6	2	24	8	9	4	8	32	6	13	23	8	5	7	10	6	1	4	5	6	2	2	4	9	7	11	10	11	5	5	15	8	3	4	4	6	3	3	6	11	4	4	9	25	12	10	29	10	6	4	4	16	5	9	10	23	7	12	21
chr11	13	18	8	10	16	16	6	13	3	13	3	12	8	19	7	11	21	12	9	21	19	2	6	8	6	3	2	9	17	13	10	12	7	3	4	3	7	4	3	8	1	3	0	3	11	9	1	12	8	18	10	11	21	13	5	22	7	3	3	9	11	20	4	8
chr11	21	13	9	15	22	9	5	11	8	11	5	17	9	8	8	9	19	15	12	7	14	4	3	5	4	1	5	7	12	6	17	10	10	5	7	6	5	7	3	13	5	6	2	5	10	9	10	13	8	14	13	6	12	6	6	16	11	10	6	12	10	17	5	9
chr11	28	13	12	19	14	4	8	8	14	7	8	8	11	15	14	17	19	3	9	10	4	3	2	8	6	1	5	4	2	6	8	12	15	12	10	18	10	2	4	5	11	7	4	6	5	2	9	9	10	6	6	10	13	8	2	7	25	6	11	7	13	7	18	18
chr11	24	6	8	12	7	10	2	15	3	3	10	5	20	13	13	15	7	10	4	12	5	1	3	10	5	7	3	3	17	13	10	12	10	4	3	7	10	1	5	12	4	3	1	8	11	5	7	8	9	14	6	29	12	7	8	15	12	15	2	15	10	11	14	32
chr11	12	9	8	17	8	10	4	17	11	3	4	9	19	12	11	16	15	8	10	9	10	3	2	10	3	2	5	3	10	17	11	12	13	8	4	9	8	3	2	6	11	6	4	3	5	6	6	9	7	14	5	23	16	9	5	17	8	8	11	11	15	12	10	24
chr11	53	9	21	18	14	4	5	10	15	7	10	7	14	7	18	11	13	7	7	13	4	4	4	0	7	2	6	8	4	6	5	8	19	8	5	11	7	1	9	6	8	7	3	7	11	9	4	9	16	9	6	9	15	3	5	7	13	7	6	11	10	8	10	18
chr12	27	7	6	11	29	21	5	14	7	6	2	3	11	7	10	8	11	33	6	7	18	21	5	18	3	5	3	7	16	12	6	20	6	8	0	4	3	9	2	6	3	2	0	2	5	10	2	6	7	21	6	14	7	11	5	16	5	7	2	12	16	10	8	18
chr12	15	5	14	16	5	12	3	9	14	8	11	9	13	10	13	12	8	7	13	9	13	4	6	7	6	4	6	5	10	6	6	13	17	6	5	12	2	7	7	9	12	5	8	10	9	7	6	12	9	11	10	11	17	7	5	11	8	8	10	10	9	17	11	18
chr12	12	6	10	15	6	5	2	10	6	12	9	9	9	11	11	14	14	9	15	16	14	7	3	7	4	4	7	3	2	11	10	12	8	3	5	6	14	9	9	7	4	11	6	10	10	7	13	12	9	4	6	8	21	10	4	11	8	12	9	20	6	17	15	19
chr12	4	5	12	12	10	8	9	9	6	10	8	9	16	9	13	15	12	10	9	13	10	3	2	13	5	4	5	4	4	8	9	20	7	8	4	16	10	7	5	9	11	9	4	8	14	5	8	6	10	13	8	11	14	10	2	10	13	9	15	12	8	14	19	13
chr12	11	5	8	11	3	4	5	7	7	10	7	5	5	15	7	14	4	7	9	11	9	9	8	12	3	6	6	13	8	7	9	26	12	5	8	8	4	8	7	14	12	5	9	6	5	11	6	10	8	2	4	11	15	18	8	17	11	12	10	8	7	25	19	22
chr12	13	11	10	15	14	6	3	14	11	5	5	14	19	9	9	22	14	8	6	10	12	10	1	7	5	4	0	4	13	4	8	13	7	5	5	14	3	5	5	4	5	5	3	4	7	5	7	12	15	13	14	20	9	9	4	12	10	3	9	9	24	16	7	29
chr12	21	15	9	11	10	12	7	16	8	5	9	6	17	13	11	10	14	11	6	11	10	2	6	5	6	5	3	9	11	12	10	13	8	7	8	10	7	3	3	8	8	2	3	6	8	9	3	12	13	11	5	19	15	6	7	18	11	9	4	11	12	12	11	15
chr12	14	9	8	13	3	4	5	14	9	4	12	7	3	9	10	22	10	6	4	7	7	0	2	8	1	4	11	9	6	6	14	13	9	7	7	8	10	6	9	9	9	13	6	13	14	8	8	12	11	4	13	16	7	7	9	8	12	13	12	13	21	9	18	23
chr12	19	7	7	12	10	13	7	11	10	6	2	7	13	9	8	16	8	17	5	12	16	16	8	9	7	9	7	9	10	9	7	14	8	6	4	11	8	8	4	6	5	1	2	5	11	11	5	4	10	10	9	11	8	12	13	14	7	10	2	10	6	18	9	30
chr12	13	7	9	2	5	2	9	9	13	7	5	16	9	8	12	8	5	4	10	11	5	3	2	9	5	5	7	9	11	14	7	20	5	6	14	11	10	6	3	14	8	8	13	6	7	9	12	14	8	7	8	13	10	8	12	20	10	13	10	12	9	19	14	18
chr12	22	12	11	15	8	6	4	7	11	7	5	13	17	16	3	16	13	8	9	9	10	4	1	3	4	2	4	9	9	14	5	16	6	1	3	14	5	2	4	6	4	4	4	5	9	12	3	11	19	4	13	14	16	6	10	28	6	4	4	7	15	18	10	38
chr12	20	11	12	23	11	8	3	7	11	10	2	17	18	16	12	15	15	5	14	9	8	4	5	2	1	2	2	9	3	4	8	12	14	3	7	12	9	2	3	7	10	3	4	5	15	6	10	9	17	10	7	17	15	5	3	10	14	6	15	9	15	7	14	16
chr12	15	6	15	10	8	8	5	5	10	8	10	9	15	7	17	13	7	10	6	17	7	5	2	11	2	3	9	4	3	5	5	15	17	1	7	5	13	7	8	6	8	7	9	10	5	5	7	18	7	9	9	19	13	5	3	6	10	16	6	12	21	10	15	32
chr12	17	11	12	10	10	5	10	11	12	10	8	9	18	6	7	7	16	9	8	8	8	10	8	8	7	6	7	8	8	10	13	8	12	8	11	6	9	12	6	8	7	9	3	8	4	11	9	15	5	8	9	14	14	7	4	12	11	10	9	13	6	10	14	9
chr12	11	23	13	8	21	8	8	11	12	17	8	8	12	12	9	5	23	17	15	9	8	11	8	7	8	7	4	9	5	9	13	2	11	5	10	10	23	10	5	7	11	10	6	4	7	4	5	11	9	3	7	11	12	5	7	4	5	11	13	6	6	3	9	7
chr12	15	10	14	12	10	8	9	7	24	7	11	8	11	6	10	9	13	11	11	8	10	2	1	4	8	5	8	7	8	4	13	6	20	5	13	9	15	2	13	14	10	19	11	7	6	8	14	8	3	8	12	7	8	5	5	6	5	13	17	14	5	6	11	9
chr12	7	5	12	3	13	3	12	10	12	15	14	6	1	9	8	7	6	13	11	7	7	8	11	6	16	26	10	9	9	4	10	6	9	13	22	7	13	18	28	10	13	12	8	11	7	3	12	8	5	7	2	8	4	3	10	3	10	16	12	4	5	3	13	3
chr12	16	11	7	19	11	4	13	13	7	4	13	9	21	9	12	12	8	11	10	8	1	2	8	3	10	3	9	8	10	7	4	11	17	10	6	9	10	4	2	6	14	8	11	12	8	11	7	8	11	9	10	18	15	4	7	10	11	7	12	5	10	9	12	11
chr12	7	12	6	14	9	15	9	5	7	4	10	13	11	10	12	7	14	10	12	7	12	13	10	9	13	4	6	9	2	11	3	14	12	12	6	11	9	3	6	6	9	11	5	8	10	12	8	13	6	4	10	9	13	13	7	10	12	5	12	12	6	10	18	10
chr12	23	11	12	18	13	6	4	13	7	10	3	10	14	10	7	18	18	11	5	8	10	2	6	6	5	5	8	8	15	8	3	15	9	4	5	6	0	11	8	9	6	7	2	4	7	12	3	8	14	10	8	17	19	5	8	13	6	6	6	8	13	15	13	24
chr12	12	6	12	21	9	2	1	4	5	9	6	17	23	14	12	26	15	2	13	16	6	3	1	6	2	1	3	2	3	2	10	10	9	2	4	17	10	1	1	2	8	1	5	7	9	11	4	13	15	6	8	21	21	10	5	13	17	3	8	11	14	22	13	33
chr12	31	7	15	18	10	3	7	7	7	14	4	14	11	17	12	20	17	7	10	13	13	1	5	3	6	4	4	4	11	7	5	9	11	5	7	9	9	9	3	9	7	4	4	3	5	7	4	12	11	8	7	20	15	9	4	13	12	8	6	7	19	10	12	13
chr12	12	6	22	10	8	11	10	10	19	8	13	10	5	6	14	5	17	9	7	10	12	8	7	14	13	7	7	7	4	15	8	9	19	14	12	7	14	15	8	5	10	16	6	3	8	6	5	8	2	10	9	2	9	7	9	7	10	11	9	7	6	6	10	5
chr12	8	13	10	10	14	12	6	7	10	9	6	4	14	8	1	9	17	15	6	5	11	14	9	14	5	8	11	7	5	21	9	18	7	3	7	7	13	9	4	8	2	11	3	6	8	3	4	11	9	8	5	11	5	13	12	24	7	6	2	9	6	22	10	27
chr12	19	9	11	16	18	16	3	5	13	7	9	5	8	11	18	14	18	16	11	20	25	14	7	11	3	9	4	6	5	9	4	12	16	11	8	8	11	7	3	4	11	3	1	1	1	9	4	6	2	6	4	7	11	19	9	10	16	6	2	8	5	21	6	6
chr12	16	19	8	19	13	14	7	12	9	8	4	8	11	8	11	18	21	10	7	10	17	3	3	12	9	1	3	2	15	6	12	12	9	8	8	10	12	7	1	7	4	8	3	5	3	9	6	4	15	9	6	9	7	11	4	14	13	10	10	7	10	13	11	17
chr12	25	11	15	18	14	7	3	9	17	3	8	7	3	14	18	19	21	4	6	12	9	4	3	4	5	2	4	5	13	4	9	6	14	7	6	17	3	3	4	10	9	4	7	11	9	5	7	11	9	12	8	7	17	6	6	9	13	11	12	9	11	15	11	13
chr12	14	9	12	9	11	10	6	8	6	5	4	12	5	5	11	18	9	13	4	14	10	6	6	13	2	6	5	7	7	11	13	15	8	7	3	9	8	9	5	9	5	7	3	3	12	5	5	16	13	6	8	7	11	10	3	16	14	13	6	16	10	19	20	26
chr12	3	6	6	8	3	9	11	10	2	11	5	6	1	6	3	11	7	11	9	8	9	4	10	9	10	19	13	11	2	18	11	16	8	9	4	2	14	12	18	9	5	10	5	9	8	4	12	14	5	7	5	3	8	7	14	19	6	13	7	12	9	20	12	40
chr12	7	5	7	17	7	1	4	7	9	9	11	9	10	13	13	13	12	3	9	16	3	3	4	9	3	6	2	7	3	9	8	19	7	6	11	7	13	7	5	8	7	9	2	6	9	5	5	21	10	5	12	9	16	8	5	15	12	9	9	18	14	17	22	31
chr12	9	10	7	6	9	6	4	9	10	6	24	7	7	13	9	12	5	7	11	10	4	4	2	7	8	2	8	7	8	2	9	9	11	5	18	12	13	2	9	6	21	11	12	20	13	5	17	11	7	6	11	12	8	5	10	6	7	11	20	12	8	9	15	14
chr12	8	8	10	6	3	8	10	5	11	4	26	8	5	11	13	9	5	4	7	8	8	3	4	3	7	4	5	3	5	6	10	10	14	6	21	13	6	2	4	13	26	8	13	22	11	4	16	15	5	8	11	10	7	5	2	10	10	9	25	13	13	3	18	18
chr12	5	7	7	12	8	8	5	9	15	9	18	2	11	4	13	11	4	9	12	7	7	6	6	9	5	9	9	1	8	4	12	13	16	6	17	11	12	8	10	12	19	12	18	17	4	5	13	5	6	8	8	9	6	6	3	7	11	12	21	7	8	9	12	15
chr12	23	18	11	12	11	16	11	12	11	8	7	10	14	6	14	12	24	5	9	5	14	2	2	9	5	4	9	3	7	9	12	9	12	12	7	10	3	5	1	10	11	5	4	13	11	11	4	6	5	14	9	19	15	5	7	6	14	2	13	6	15	7	5	7
chr12	12	9	18	13	11	2	5	6	16	11	8	13	10	10	14	22	11	2	8	11	5	1	6	5	9	3	4	6	15	3	5	10	16	6	11	11	7	5	7	9	10	5	3	1	13	7	4	7	13	7	10	21	9	9	4	13	10	9	4	11	13	15	11	33
chr12	9	13	7	5	14	11	10	12	10	8	4	4	21	6	13	9	12	10	8	13	11	8	10	9	13	8	5	10	5	10	8	14	7	11	9	12	11	11	12	5	7	6	7	5	6	4	4	11	6	12	2	19	7	9	4	11	9	17	9	6	7	11	16	15
chr12	7	4	3	8	6	9	4	6	2	6	2	6	7	15	13	11	5	8	6	18	16	8	13	10	4	12	5	11	8	18	14	14	4	5	3	4	9	13	7	14	2	7	3	6	11	8	12	11	6	8	4	16	6	17	8	24	8	18	8	19	8	13	15	22
chr12	17	5	13	7	12	6	14	6	9	11	9	7	7	11	3	14	11	7	7	12	9	7	8	7	13	9	9	11	4	3	9	14	9	12	9	8	9	9	13	7	7	10	14	8	6	6	8	14	5	14	7	8	7	9	7	11	9	8	7	8	16	14	12	16
chr12	20	14	11	15	10	8	10	10	14	8	11	7	10	12	14	7	13	7	10	12	12	6	2	9	5	10	11	4	11	5	8	8	13	4	13	8	12	8	13	7	9	14	3	5	14	4	7	6	14	13	6	8	8	7	5	6	10	8	6	15	7	5	9	17
chr12	33	12	17	22	15	13	2	7	17	8	10	8	16	12	12	17	21	14	11	13	9	6	5	9	2	1	4	3	8	8	7	6	17	4	8	12	15	2	1	4	8	3	4	5	2	7	5	6	13	7	7	10	19	8	2	9	15	10	2	4	11	11	7	12
chr12	30	9	23	17	9	4	3	9	18	8	9	11	12	7	18	17	15	4	6	8	8	4	3	5	5	2	4	2	7	6	7	10	19	5	11	19	4	9	3	6	11	4	6	8	8	4	7	7	14	7	6	10	13	3	4	10	20	8	10	5	10	13	11	23
chr12	27	7	20	15	7	9	4	8	16	11	15	12	13	2	15	13	15	6	7	2	7	3	4	7	10	1	2	3	8	6	7	7	19	7	18	10	9	3	6	7	13	3	7	13	9	5	9	15	8	8	10	16	7	6	2	6	15	10	12	9	12	8	15	12
chr12	35	6	17	16	5	7	3	11	17	5	8	11	17	5	9	25	14	2	4	4	8	4	2	10	4	2	2	1	7	5	6	13	14	8	9	15	5	5	0	5	16	3	6	6	8	2	6	12	11	10	12	21	6	7	4	5	9	5	15	10	22	10	18	28
chr12	22	20	8	18	12	6	9	11	12	10	5	9	21	10	5	20	16	6	9	13	12	11	3	4	8	5	4	5	5	4	10	10	14	3	11	10	9	7	1	7	6	3	0	6	6	5	4	11	16	9	7	15	11	7	9	7	12	6	6	6	15	15	11	20
chr12	25	8	12	22	11	3	5	15	17	6	3	6	15	13	12	20	14	5	8	9	6	5	6	6	10	1	2	5	9	5	7	14	16	7	5	17	6	5	1	7	7	8	3	4	5	1	6	10	12	14	7	13	13	10	6	7	11	4	14	7	17	17	11	22
chr12	27	16	21	19	11	5	5	12	13	4	11	15	14	9	15	20	15	2	4	7	5	5	2	3	5	3	4	2	7	6	6	9	21	6	7	14	6	1	1	7	16	3	6	7	16	2	4	9	20	9	12	17	6	4	6	6	14	5	11	7	21	5	12	15
chr12	6	5	14	8	4	9	9	7	8	10	12	1	2	18	6	8	13	8	6	12	18	15	14	7	9	10	9	9	8	16	6	15	6	10	7	6	4	18	4	12	4	9	4	18	11	9	10	8	8	6	3	8	13	12	10	19	9	9	10	10	4	11	16	8
chr12	21	7	7	19	7	6	2	7	7	7	7	9	14	9	14	12	15	6	6	12	6	11	5	13	3	4	7	6	7	7	10	16	7	4	8	6	11	9	9	7	6	11	4	6	9	7	8	11	12	5	9	12	15	9	4	13	9	14	9	14	8	18	14	21
chr12	25	11	12	22	16	3	8	9	16	7	10	5	21	6	17	13	16	9	6	11	6	6	6	5	8	7	3	5	6	2	10	12	14	6	13	11	10	5	5	7	4	6	3	6	7	5	6	9	14	10	7	13	10	9	4	9	16	7	4	11	10	19	5	14
chr13	17	6	7	16	5	3	4	9	6	7	5	7	11	4	7	24	6	5	9	7	5	7	8	6	6	11	7	6	6	6	9	19	8	2	2	7	11	9	10	9	3	7	6	9	9	5	9	10	15	8	7	16	6	7	8	16	4	14	7	12	20	21	12	48
chr13	23	9	13	18	8	6	6	16	8	11	9	9	21	6	11	10	14	5	10	9	10	10	2	5	5	2	2	5	6	4	13	15	13	7	7	8	9	3	5	7	10	5	4	3	8	7	9	12	12	16	7	13	11	8	1	10	12	6	7	19	13	13	11	21
chr13	20	6	12	12	7	0	4	4	13	6	16	11	11	7	14	17	11	3	8	7	5	5	1	6	5	1	5	9	5	8	6	11	13	2	14	14	11	6	7	6	14	12	17	10	12	6	11	12	6	4	12	16	6	6	8	14	11	11	15	11	10	13	17	15
chr13	26	11	5	31	11	7	2	13	7	5	3	9	18	10	15	25	15	10	7	12	15	2	3	6	6	3	1	2	4	7	8	10	15	5	4	8	5	6	1	3	6	1	0	4	12	6	5	8	17	7	8	17	13	12	6	7	13	6	7	16	15	15	14	27
chr13	17	9	11	18	12	7	2	6	11	6	5	11	11	7	11	23	21	6	8	3	9	8	2	10	4	2	2	5	6	3	6	13	12	5	6	12	9	9	2	3	10	8	1	10	5	4	7	20	5	7	8	19	8	5	6	9	10	7	21	10	17	14	25	29
chr13	42	12	11	30	14	7	4	12	15	3	5	5	20	14	12	23	19	2	3	13	6	1	2	8	2	2	3	6	8	3	3	15	13	9	6	8	3	4	1	3	5	2	3	7	12	3	2	6	21	14	8	18	15	5	6	6	14	4	5	5	21	12	11	21
chr13	46	22	6	25	11	5	5	9	8	2	6	6	21	9	12	26	13	3	7	6	6	3	3	2	5	4	4	4	10	2	6	7	14	2	3	9	7	3	4	3	6	5	6	9	11	5	4	11	26	3	6	27	5	3	5	11	9	6	10	13	20	8	16	24
chr13	20	8	15	23	7	8	5	6	11	3	7	9	12	10	19	20	20	3	4	7	12	6	2	5	3	2	5	4	4	2	5	15	13	10	3	16	6	2	4	1	8	3	4	9	11	7	5	14	13	4	8	15	9	9	3	14	20	5	8	15	13	16	19	29
chr13	23	14	16	15	14	9	1	10	8	14	12	5	12	6	8	19	15	5	9	11	15	4	6	4	7	2	1	6	10	5	10	9	17	6	7	7	5	8	4	15	10	4	4	12	8	2	7	12	13	9	7	13	6	8	5	5	12	12	13	6	11	11	18	16
chr13	11	11	5	17	9	5	1	10	6	7	4	8	13	17	7	20	13	3	8	18	15	7	3	7	3	3	4	3	6	13	11	18	9	5	4	6	2	6	2	15	3	4	2	8	11	5	5	11	11	6	8	15	16	14	7	16	12	11	7	13	11	18	20	29
chr13	9	7	10	12	9	7	5	7	7	8	13	6	8	5	16	3	11	8	11	9	14	3	3	7	2	2	14	5	6	6	9	14	7	3	9	6	8	10	13	13	9	19	26	34	12	6	25	5	11	10	5	5	8	7	2	8	7	14	35	3	5	8	9	0
chr13	61	18	17	18	10	7	5	10	11	9	10	7	14	8	13	15	14	5	6	10	9	3	6	7	12	8	3	5	11	5	7	5	16	3	8	13	11	10	8	6	9	6	2	3	7	2	7	5	23	6	6	8	5	5	9	5	8	12	5	6	11	9	4	11
chr13	22	12	19	18	6	7	6	10	12	9	18	9	16	6	11	8	10	3	8	9	6	5	7	4	5	9	7	9	4	1	9	15	21	9	9	4	13	1	12	10	14	10	10	5	9	9	4	9	17	5	13	10	5	9	5	5	12	8	4	8	16	8	8	16
chr13	14	9	4	17	6	9	5	12	8	3	4	3	7	15	13	20	16	4	4	6	9	1	4	6	2	3	4	7	11	7	14	9	8	8	2	12	4	3	1	3	8	0	5	26	15	8	10	17	6	11	8	20	11	7	6	20	13	5	26	14	11	14	21	19
chr13	14	11	15	9	17	7	12	7	12	14	13	6	11	8	8	6	14	15	11	15	7	11	10	10	11	9	14	3	6	12	9	8	11	9	16	5	20	11	9	8	10	15	8	7	7	5	3	4	10	8	3	4	12	9	6	10	8	10	5	3	1	12	5	9
chr13	25	7	18	24	8	3	7	4	18	9	6	12	23	12	12	16	10	2	11	12	10	5	3	6	6	1	4	7	7	7	5	5	17	4	10	11	7	6	4	7	4	7	0	4	9	5	9	11	22	9	6	17	10	10	4	7	14	7	5	11	15	7	11	23
chr13	18	11	6	16	4	14	0	8	8	6	8	6	10	5	3	24	16	6	9	2	21	9	13	6	5	6	1	4	3	6	13	5	11	4	4	11	8	9	2	11	7	7	2	13	6	3	7	27	6	5	9	13	0	17	1	2	10	11	18	20	14	6	36	26
chr13	14	7	8	24	3	9	4	7	10	8	12	9	15	16	7	19	14	5	11	9	14	5	4	8	5	0	2	9	8	4	5	15	11	4	8	9	5	5	3	2	11	3	6	7	11	4	4	14	14	7	12	15	17	12	5	16	6	4	7	8	14	25	9	30
chr13	9	8	7	12	6	6	3	8	9	6	3	9	14	27	6	16	7	8	11	22	4	3	3	9	6	4	7	8	7	12	8	19	9	4	2	12	10	3	2	9	7	5	1	3	7	10	3	12	11	3	7	17	29	7	17	20	5	9	5	12	10	24	13	23
chr13	27	12	17	21	6	11	4	7	15	7	9	12	31	13	8	15	13	3	11	10	9	3	4	5	7	6	1	2	13	5	7	6	19	5	1	13	9	5	3	7	6	1	5	6	6	4	7	9	18	8	14	23	13	2	5	12	9	10	3	6	13	10	6	20
chr13	26	15	9	15	7	9	4	12	7	4	9	10	10	11	4	18	15	6	7	13	13	3	3	4	3	3	3	5	9	6	9	20	13	4	4	8	6	3	1	11	9	5	6	7	7	8	7	10	11	7	10	8	15	8	6	17	10	9	9	10	10	21	18	28
chr13	15	9	7	19	7	6	2	8	9	6	7	15	19	18	3	16	10	8	5	19	12	6	3	10	4	1	3	3	10	8	10	11	9	3	7	2	6	5	3	6	4	6	6	7	11	6	8	14	16	3	18	16	17	14	3	15	4	7	7	14	13	18	11	30
chr13	20	6	13	14	12	7	4	6	12	6	15	10	16	6	9	7	10	8	14	9	8	9	11	9	12	8	3	6	4	8	13	14	13	8	11	7	12	14	8	9	8	10	5	6	4	8	12	8	10	7	5	8	9	7	6	15	7	19	6	9	7	15	7	9
chr13	14	7	8	5	17	10	11	8	5	10	8	5	7	5	13	10	10	16	6	12	4	6	14	7	11	21	13	11	5	7	8	9	7	12	6	8	15	13	19	10	10	13	12	8	10	6	17	3	2	11	8	10	8	2	12	4	7	13	10	12	10	8	4	5
chr13	32	16	7	9	8	5	7	18	12	2	10	9	13	6	12	15	4	5	6	12	6	2	4	6	5	8	4	6	11	0	12	16	8	8	12	9	6	6	6	3	11	4	9	8	7	8	4	13	20	9	8	16	7	5	5	12	9	7	9	9	22	15	6	29
chr13	30	11	8	16	9	5	9	4	13	5	6	9	12	4	10	13	4	8	8	11	9	3	4	7	8	7	7	9	6	7	5	13	14	4	6	6	6	6	9	8	6	10	11	8	13	3	6	15	17	4	11	6	7	9	9	12	3	7	11	11	8	22	11	39
chr13	22	11	13	15	9	5	10	6	12	13	5	10	11	9	11	12	13	5	10	9	8	6	4	11	8	9	4	10	7	5	11	8	14	5	10	8	16	9	13	5	10	7	1	7	13	5	6	11	12	9	7	11	4	9	4	9	7	14	14	8	8	7	16	17
chr13	10	9	8	16	13	3	5	11	7	8	8	4	13	12	11	22	17	10	5	15	9	2	4	4	1	5	3	6	7	4	10	12	6	7	3	8	10	8	2	13	6	8	4	17	11	2	5	19	9	6	11	19	15	6	4	5	10	12	20	10	14	13	26	15
chr13	32	14	25	12	10	9	4	11	15	4	9	13	15	7	9	13	15	3	5	10	4	6	8	7	10	6	1	6	9	6	5	10	16	7	5	9	11	4	6	5	6	4	6	5	11	5	13	9	20	10	6	13	8	6	5	7	6	12	5	14	13	8	10	20
chr13	9	12	8	16	13	9	3	10	8	7	9	12	11	12	8	17	14	5	12	12	9	5	4	8	8	3	2	4	11	17	8	14	11	9	9	9	6	2	3	11	9	5	1	4	5	8	7	11	10	9	8	11	15	10	7	21	13	7	7	11	11	16	15	17
chr13	9	11	13	10	22	10	11	12	18	6	9	5	17	11	5	8	20	18	8	7	12	7	7	5	10	6	10	7	4	10	8	9	9	11	12	13	8	9	6	3	11	9	6	11	11	6	6	3	5	15	5	11	11	5	9	11	6	5	12	4	4	9	8	19
chr13	3	6	6	15	7	5	1	7	11	6	3	5	18	15	10	24	9	3	5	18	6	7	4	10	3	2	3	9	8	11	8	19	9	1	6	11	7	5	1	10	4	8	6	5	6	11	3	9	9	10	8	23	15	10	11	19	9	7	11	10	19	17	16	35
chr13	6	16	18	10	11	12	5	10	15	10	10	19	11	7	11	10	13	2	12	11	8	3	6	5	5	5	6	5	6	4	17	6	18	12	13	13	8	6	5	10	15	4	1	5	13	6	5	16	13	8	11	5	11	1	5	8	21	10	8	11	7	8	17	9
chr13	7	7	10	16	5	8	8	6	8	8	8	13	22	11	8	12	10	3	6	10	10	6	3	8	8	1	6	8	4	8	8	15	12	5	13	14	9	4	4	8	8	5	10	10	9	9	13	10	11	12	8	13	5	9	7	13	20	11	9	11	9	6	22	18
chr13	14	11	13	14	6	7	11	7	11	11	5	10	13	6	14	11	10	6	6	9	9	9	8	9	12	7	8	7	9	4	3	15	17	7	10	8	9	8	7	9	5	8	3	6	8	10	6	10	11	7	8	13	7	11	9	6	13	7	6	11	9	13	14	27
chr13	19	10	8	21	9	5	6	10	9	5	6	5	17	9	15	20	11	6	3	10	9	4	2	4	4	2	7	2	4	6	10	17	11	5	5	15	11	2	2	8	12	8	3	3	8	3	8	11	17	10	9	15	1	8	5	15	11	8	10	20	22	11	16	30
chr13	10	6	14	13	5	11	7	8	17	8	11	8	12	9	12	13	9	4	11	11	11	10	7	10	11	8	6	2	7	11	13	6	18	14	12	12	6	11	4	11	15	4	6	10	3	7	9	8	6	7	6	10	13	6	9	8	14	12	12	7	7	9	11	10
chr13	26	14	10	22	18	5	6	11	14	5	12	4	26	10	14	12	16	7	8	10	4	6	2	8	5	4	6	4	11	6	7	11	15	5	8	10	10	4	3	5	8	7	4	8	8	2	7	7	15	14	9	20	9	5	8	11	11	7	5	8	12	15	3	11
chr14	11	9	13	18	8	7	10	8	9	8	5	8	19	13	11	8	10	12	6	18	12	12	11	5	10	7	5	14	4	5	10	9	17	3	7	6	11	14	8	7	7	10	6	8	5	11	6	11	13	9	4	9	15	7	7	8	7	15	14	3	7	8	12	8
chr14	25	17	22	17	18	16	3	6	14	11	8	12	11	12	17	5	31	15	12	10	18	6	9	9	5	6	4	5	8	9	3	5	13	5	8	9	14	11	2	6	4	6	3	6	7	10	7	4	13	6	3	9	17	9	6	4	12	10	4	5	5	5	4	2
chr14	15	11	8	19	10	7	4	12	7	2	4	7	25	15	10	24	13	8	3	15	9	5	2	10	4	2	0	9	10	12	5	12	6	5	2	12	2	2	2	5	6	2	2	2	4	4	6	15	19	9	7	28	18	12	7	12	8	5	6	11	24	17	9	30
chr14	11	9	13	13	11	9	7	9	13	7	7	14	14	16	9	10	10	10	10	14	13	5	4	7	7	5	6	5	7	7	10	11	17	8	7	6	10	6	5	8	6	8	6	7	14	7	9	8	8	9	10	16	11	9	7	11	12	9	8	12	8	8	13	12
chr14	4	8	30	2	6	9	10	10	33	4	19	24	2	1	10	3	3	11	3	1	7	1	2	6	9	1	2	13	8	4	10	7	32	10	24	12	3	3	6	8	21	2	4	12	23	7	16	14	5	6	23	1	2	3	7	4	15	13	14	11	2	4	18	10
chr14	23	14	11	21	15	11	5	13	14	12	5	2	15	7	11	15	19	14	5	7	11	4	8	4	6	5	5	9	4	13	10	12	17	9	10	10	10	7	3	10	10	6	2	5	5	5	8	3	10	7	7	10	9	5	9	12	16	7	11	5	10	11	9	10
chr14	14	20	6	13	16	19	8	7	6	18	10	3	14	10	12	5	23	14	23	15	26	19	6	17	5	10	5	5	8	15	6	2	10	2	4	6	19	18	6	4	7	10	9	7	4	6	4	2	6	13	4	7	14	13	5	3	4	9	9	1	4	4	1	3
chr14	39	8	8	13	18	3	6	12	3	5	3	15	20	5	8	19	10	18	7	10	6	6	2	6	2	6	2	7	11	10	7	15	7	2	3	8	6	7	4	11	6	3	2	2	8	9	6	10	13	11	8	20	15	4	5	14	9	14	6	9	13	14	17	22
chr14	18	16	15	12	14	7	9	6	15	6	11	11	13	9	18	12	20	8	13	7	8	1	3	2	7	9	5	5	3	8	8	7	13	6	7	20	14	3	8	7	11	9	5	7	13	6	5	7	11	6	8	13	12	3	6	11	13	8	11	8	9	9	8	15
chr14	10	10	7	13	6	13	5	6	14	7	14	7	19	9	7	13	12	7	10	13	15	6	6	5	5	2	4	5	3	4	13	8	9	4	14	9	12	8	3	10	8	6	11	18	10	4	10	17	9	9	11	12	10	5	2	7	9	18	14	11	9	7	22	12
chr14	19	6	13	11	13	7	10	6	17	10	10	12	23	8	10	5	9	4	12	13	9	1	6	5	4	11	6	11	5	3	13	6	12	11	6	10	10	6	10	10	10	5	9	9	17	8	7	10	9	15	18	12	6	7	6	6	8	10	7	11	9	6	6	14
chr14	12	4	10	5	10	9	7	8	12	11	10	8	9	4	7	12	3	15	7	5	13	4	10	9	7	7	10	6	8	8	2	20	12	5	14	5	4	11	9	11	10	9	18	8	9	4	10	9	4	10	10	17	3	12	4	10	7	8	7	10	15	13	13	35
chr14	21	5	9	10	4	4	12	6	14	3	6	8	17	11	10	11	5	4	5	7	0	2	10	5	5	10	20	9	4	5	6	16	14	9	8	19	11	5	11	7	16	8	13	12	7	5	12	11	5	8	9	12	6	6	11	13	15	13	10	7	6	15	17	13
chr14	29	8	11	30	10	12	2	7	12	2	3	12	10	14	10	21	17	10	8	11	12	10	7	8	5	4	5	5	4	10	7	14	12	4	6	8	7	3	2	5	4	3	2	4	9	8	7	6	19	9	4	6	17	12	8	15	9	8	3	9	15	20	5	19
chr14	31	21	11	7	22	15	5	11	12	7	4	10	8	10	11	10	16	12	12	11	12	6	10	5	6	10	3	5	13	2	17	6	14	6	5	14	8	8	3	14	4	1	0	8	8	6	6	10	9	14	5	7	9	4	6	8	17	15	6	7	5	9	12	9
chr14	22	17	12	15	19	6	11	10	12	6	7	7	22	8	9	16	12	5	9	13	9	6	3	4	6	9	7	6	8	4	6	11	19	6	5	11	5	8	6	7	7	4	7	8	8	4	6	6	12	18	6	16	6	2	8	8	16	7	5	3	14	8	10	25
chr14	30	12	17	12	16	15	5	8	17	8	5	5	19	10	9	14	15	10	3	15	11	6	11	9	8	5	7	7	14	6	2	4	16	7	8	9	8	4	4	3	5	5	10	9	8	7	5	9	11	15	7	16	8	12	7	6	10	1	7	8	7	10	10	11
chr14	33	13	26	15	14	3	7	8	22	14	11	5	17	7	13	10	12	2	7	12	6	2	5	4	7	5	11	1	11	4	6	10	31	11	9	12	10	6	5	10	13	6	3	9	5	2	10	4	12	6	10	8	3	6	7	9	21	6	6	6	3	11	10	5
chr14	11	7	0	15	11	10	10	5	5	9	2	4	11	12	7	16	8	14	8	17	18	9	14	10	3	17	11	15	8	10	9	11	2	6	6	11	9	15	12	13	9	11	5	3	4	8	10	5	12	9	6	3	8	17	10	10	8	12	10	6	7	15	10	9
chr14	6	7	6	6	10	5	4	12	5	5	8	8	2	10	20	12	7	7	11	11	9	4	4	4	3	4	5	5	10	5	15	10	2	7	3	12	9	7	4	11	10	6	5	28	13	9	17	19	10	10	6	16	8	5	5	13	6	16	31	17	17	7	18	11
chr14	14	11	11	16	9	3	8	11	14	3	9	5	14	9	9	21	12	6	8	7	2	2	4	3	4	1	7	8	11	5	7	10	10	2	8	9	6	3	2	8	2	8	3	28	9	7	18	11	17	12	4	21	16	3	6	11	9	7	22	4	19	15	8	26
chr14	24	6	14	10	5	8	9	4	14	9	13	3	13	8	12	13	6	8	10	8	13	8	8	8	7	7	6	10	10	2	10	9	12	5	7	15	5	11	9	13	4	14	13	6	6	8	5	11	12	7	8	14	9	10	4	6	13	8	5	11	12	11	10	19
chr14	18	11	11	18	16	7	5	13	8	7	7	12	21	4	15	16	7	8	8	10	8	4	2	3	7	0	3	2	10	4	10	8	12	12	6	11	6	2	3	5	10	3	9	7	10	4	7	15	21	10	9	17	3	4	2	11	16	6	10	14	16	8	15	31
chr14	23	6	9	19	16	5	4	6	18	3	5	10	17	10	6	19	9	9	12	8	4	9	4	13	3	5	1	9	8	10	8	15	10	7	2	13	11	4	1	6	3	5	4	3	11	7	7	10	15	9	13	12	7	12	9	17	8	8	5	13	13	18	13	19
chr14	23	22	11	26	26	10	3	8	8	22	3	5	14	13	9	18	33	11	19	9	16	5	3	9	6	5	3	2	9	7	7	5	10	10	5	7	21	8	2	3	7	1	1	4	6	4	3	4	16	4	3	12	9	10	8	8	11	6	5	6	6	12	9	7
chr14	14	17	16	21	12	6	12	12	13	3	3	7	19	12	23	20	21	8	3	13	10	7	3	3	10	4	1	4	8	4	2	8	19	6	1	22	8	3	0	3	7	4	1	7	6	2	7	9	14	11	6	18	15	7	3	4	19	3	14	6	16	11	10	17
chr14	16	10	6	23	9	11	6	2	4	1	7	9	16	12	10	13	14	9	6	13	15	4	3	11	2	2	2	13	5	15	5	13	6	5	5	4	5	2	2	3	8	5	7	8	11	11	10	15	19	4	4	11	13	16	8	21	6	4	12	17	7	20	14	28
chr14	14	18	11	13	12	15	11	8	12	5	6	7	7	13	11	8	17	14	12	15	16	8	8	13	4	8	4	10	8	18	8	14	12	8	5	4	12	3	2	12	7	4	1	3	6	12	4	4	12	7	2	7	18	19	5	15	6	12	4	6	7	14	5	12
chr14	16	14	12	13	10	16	6	15	10	8	6	13	14	8	8	7	13	11	9	13	11	5	11	9	8	8	4	7	10	12	9	14	16	6	7	3	14	5	5	8	4	11	3	1	8	5	4	11	10	16	9	8	11	10	5	13	10	5	6	7	11	14	7	15
chr14	13	13	9	19	9	10	6	10	10	12	5	4	20	11	12	16	15	4	7	21	6	2	4	9	5	5	6	0	6	9	7	17	14	7	6	4	13	5	5	8	4	6	2	7	7	4	8	9	11	11	9	15	19	4	1	12	12	8	6	17	13	12	16	21
chr14	25	14	17	7	7	4	6	13	12	6	9	11	11	3	8	9	7	3	11	5	6	2	4	8	5	9	3	4	8	4	11	19	15	3	5	8	7	9	7	11	3	7	4	13	11	7	13	16	16	10	5	11	6	5	4	10	11	12	11	19	12	11	21	24
chr14	7	10	10	16	11	4	7	8	10	4	8	8	9	6	5	20	8	7	6	11	3	4	5	8	4	5	6	11	7	8	3	17	10	3	9	8	6	5	5	5	7	6	5	10	10	4	10	17	18	10	5	5	12	6	9	14	9	6	9	12	13	23	18	53
chr14	12	4	11	11	6	3	3	9	9	10	7	11	7	11	9	20	7	4	5	11	6	2	10	10	4	4	7	10	9	11	12	14	14	3	8	12	2	9	5	12	10	5	4	8	11	11	7	14	5	10	14	12	13	14	7	15	14	9	9	14	14	16	18	10
chr14	10	10	10	18	7	9	2	9	15	5	4	10	18	18	12	16	9	4	6	21	10	4	6	8	4	3	2	4	4	7	11	10	18	4	5	10	10	4	2	10	8	6	5	7	14	5	8	11	11	9	13	15	13	10	4	5	10	12	15	17	12	2	23	14
chr14	24	12	13	14	14	7	6	8	13	9	8	10	18	6	15	8	12	5	8	13	10	6	3	6	4	4	2	8	10	9	6	13	14	5	10	5	7	4	3	9	4	5	6	10	9	8	1	16	12	13	9	15	8	8	6	15	13	5	9	6	12	14	11	22
chr14	24	15	8	23	12	5	6	13	8	5	5	6	13	13	16	13	17	6	3	9	8	4	3	5	11	2	4	4	6	5	8	18	21	6	9	10	6	3	4	11	11	6	3	4	6	5	6	8	8	10	4	13	9	8	8	8	16	11	12	11	9	10	20	24
chr14	20	17	11	21	9	9	6	11	4	12	6	7	21	17	8	15	24	3	5	12	7	7	7	4	5	5	11	5	5	5	10	15	10	4	5	13	12	4	6	7	10	9	5	7	13	3	1	2	15	11	8	15	16	5	7	13	12	3	9	0	10	16	5	18
chr14	18	10	10	17	6	4	6	4	11	5	10	9	21	20	10	24	11	1	5	17	9	1	2	5	6	2	1	8	5	2	5	12	13	5	12	12	4	4	2	4	8	4	2	6	12	6	10	8	13	4	8	29	15	8	7	11	17	3	7	13	16	14	14	30
chr14	18	4	9	25	0	7	3	13	5	6	3	13	25	11	11	18	11	6	6	16	12	11	7	5	11	1	0	7	8	7	10	14	15	4	2	10	6	7	1	7	2	5	1	4	4	10	9	12	12	9	10	14	21	9	8	14	14	9	8	11	8	24	12	13
chr14	6	7	5	13	10	3	4	10	12	6	6	5	12	8	15	17	11	7	7	8	7	5	2	4	4	0	3	7	3	2	9	20	8	5	10	9	7	4	2	10	6	6	4	26	13	9	16	15	6	8	7	22	9	6	6	11	10	11	28	15	15	13	24	19
chr14	13	8	3	10	4	5	5	14	3	1	8	4	5	9	18	16	12	5	6	10	10	2	2	5	7	0	4	8	11	3	9	20	8	4	3	9	10	5	0	7	5	6	8	20	8	14	10	16	2	11	4	19	9	7	12	16	9	15	19	16	12	18	22	34
chr14	27	9	14	15	11	6	4	12	14	9	10	9	9	11	13	15	16	7	13	12	10	2	1	8	3	4	1	0	11	4	10	14	14	7	7	10	13	5	1	9	10	2	1	9	8	3	5	9	9	10	8	11	14	8	2	10	11	13	10	7	10	16	13	29
chr15	16	9	2	22	15	14	9	14	4	1	0	6	33	12	13	23	8	20	5	24	20	8	2	7	0	3	7	7	12	9	3	12	4	2	0	4	3	9	4	4	3	5	2	2	11	4	2	5	21	22	4	31	19	5	2	11	3	11	3	7	22	12	6	15
chr15	44	17	8	13	10	8	5	12	11	5	9	10	12	8	3	23	11	8	10	14	10	9	2	9	5	1	2	2	13	6	7	11	11	6	8	5	7	5	1	6	5	4	6	5	5	7	6	7	16	4	9	14	15	8	2	10	9	9	3	9	13	14	14	37
chr15	13	12	9	13	7	9	8	15	6	7	11	8	7	14	12	11	14	8	10	11	15	3	1	6	5	3	7	3	11	9	11	13	13	5	8	11	6	4	3	8	10	5	5	17	10	9	7	11	7	14	4	9	15	9	6	15	16	6	14	9	7	13	15	15
chr15	20	2	10	18	6	3	8	11	8	3	8	7	20	9	8	18	8	6	3	8	7	3	8	5	10	6	6	6	7	9	8	11	12	7	7	11	4	4	5	6	11	1	9	13	11	6	15	10	10	13	6	18	8	13	7	13	8	9	11	16	9	17	13	25
chr15	7	6	27	4	7	3	5	11	40	2	33	20	6	4	8	6	5	6	4	6	2	1	1	2	5	0	2	6	10	3	6	4	29	8	32	7	3	0	1	7	17	5	5	30	30	6	15	12	3	5	32	7	9	2	6	3	14	4	17	7	1	7	13	9
chr15	55	8	20	25	7	4	4	6	14	7	6	11	13	11	11	18	13	4	6	9	3	3	2	7	3	1	4	3	7	6	10	8	17	3	5	10	10	4	2	6	8	6	2	6	11	3	6	9	23	6	7	9	12	5	3	12	10	8	10	9	14	12	10	31
chr15	23	18	7	20	14	7	7	9	7	4	5	15	9	10	6	21	19	5	7	11	8	2	2	9	7	1	4	6	5	7	7	15	11	10	7	6	8	3	4	4	6	7	4	8	13	3	7	13	16	3	10	9	12	9	5	12	14	7	12	7	11	18	20	22
chr15	28	6	13	22	8	7	7	5	12	3	5	7	8	10	13	18	15	5	4	3	7	1	5	6	3	5	10	4	5	5	12	8	15	3	5	16	5	5	6	8	7	9	6	15	6	4	8	19	11	13	5	8	7	6	4	11	17	7	16	11	17	9	19	30
chr15	9	10	8	16	9	6	5	6	8	7	0	11	13	10	16	22	10	6	7	15	7	6	6	10	6	7	4	7	4	7	10	14	11	4	6	15	6	1	8	9	4	3	0	5	13	11	5	8	13	6	5	15	16	16	5	10	18	7	8	14	9	19	16	30
chr15	24	11	9	12	7	12	1	11	6	10	6	9	9	5	10	13	16	10	10	12	10	12	7	9	0	15	10	8	7	16	3	13	6	3	5	1	19	7	13	4	5	8	6	9	10	11	7	11	10	7	7	12	12	7	12	15	4	10	6	13	10	14	13	8
chr15	9	9	10	10	4	4	7	7	6	11	8	9	5	8	9	11	11	8	12	4	8	5	1	9	5	3	11	9	8	12	10	17	11	2	4	6	10	3	8	14	6	11	9	12	7	12	10	18	7	3	8	13	13	11	12	17	6	10	10	16	11	21	13	24
chr15	13	20	9	11	23	9	6	5	6	19	12	6	9	16	12	8	24	13	22	13	13	9	5	13	5	5	6	3	9	12	6	12	13	3	4	7	21	11	1	10	7	8	3	7	8	3	5	3	3	7	8	14	15	11	7	11	9	11	4	4	6	13	5	2
chr15	11	17	11	2	12	20	2	20	6	11	3	9	0	8	3	4	18	12	12	5	19	3	12	11	4	3	7	8	17	22	21	15	8	9	1	0	3	6	3	17	1	2	1	8	6	7	4	21	4	16	5	8	13	16	5	26	7	14	1	13	10	23	7	5
chr15	13	6	8	8	9	6	14	10	7	8	4	8	15	4	7	16	5	8	10	11	11	5	9	9	12	17	8	9	11	10	12	13	8	14	3	7	6	12	15	8	5	8	0	5	6	12	5	8	9	10	6	16	8	11	8	19	8	8	7	9	9	20	8	17
chr15	23	10	24	11	9	7	10	5	14	11	9	10	12	14	16	8	16	8	5	9	7	4	6	7	9	5	9	8	4	4	7	8	24	4	8	16	8	5	9	5	11	4	5	9	12	6	3	13	5	9	7	13	14	8	6	6	18	7	6	7	7	10	12	12
chr15	13	7	11	8	12	10	22	4	14	9	8	13	5	6	7	3	13	15	10	4	13	7	15	3	15	19	18	10	4	6	8	7	12	17	17	5	9	15	14	11	17	9	3	6	5	14	8	8	1	9	5	4	8	7	11	7	5	12	6	6	5	7	6	10
chr15	7	8	5	6	7	8	14	9	7	9	8	8	3	12	8	9	8	14	13	9	14	6	14	5	16	19	15	7	6	11	8	6	3	11	9	11	16	18	16	9	5	17	9	8	11	5	10	8	9	5	5	6	7	7	13	8	6	14	7	11	5	7	11	12
chr15	17	8	15	7	13	11	18	7	13	8	6	7	12	14	9	7	13	22	5	13	15	14	9	7	9	14	9	6	6	8	9	10	10	15	7	10	11	14	3	8	9	4	3	5	6	7	4	6	7	4	7	12	14	5	8	11	11	10	4	5	6	9	8	14
chr15	10	11	9	16	14	11	4	11	10	16	3	10	12	7	11	16	14	10	16	14	18	3	4	6	4	6	5	3	10	3	8	16	10	11	8	7	14	7	8	8	7	6	1	3	6	6	5	10	12	8	6	9	8	10	2	12	14	9	8	11	7	16	18	20
chr15	13	12	12	9	12	5	5	11	15	9	9	9	13	12	6	10	13	7	10	18	9	9	5	12	6	5	5	3	9	9	8	16	11	7	7	7	12	8	3	7	2	9	10	11	4	8	4	13	9	7	13	7	16	13	6	11	9	7	8	6	10	17	12	18
chr15	13	7	10	23	3	8	3	7	11	3	6	17	19	12	7	25	11	5	5	10	9	1	1	8	4	2	4	5	8	4	6	13	14	4	7	13	5	1	1	5	8	1	3	7	11	10	9	12	14	5	15	17	14	9	10	11	16	6	6	13	13	18	19	31
chr15	16	15	10	20	7	6	8	10	8	5	5	14	11	17	8	20	21	6	5	12	8	0	3	5	6	5	3	4	8	1	5	15	10	5	7	10	8	4	3	3	9	2	7	7	10	8	6	14	15	4	10	14	21	6	4	11	9	6	10	13	14	16	19	26
chr15	30	10	16	10	10	6	8	4	7	8	10	12	8	8	11	10	12	3	10	11	7	5	7	6	7	11	6	9	4	13	10	8	15	5	3	6	11	8	10	10	8	8	8	10	18	8	17	4	9	11	8	10	8	6	8	15	7	12	10	16	8	8	7	9
chr15	27	9	20	13	12	7	7	6	23	6	16	12	9	5	10	9	11	7	14	6	8	5	2	6	5	3	5	5	2	4	6	13	18	11	13	8	8	4	5	7	12	6	10	10	15	4	4	15	13	6	10	6	10	5	4	5	10	9	7	11	9	11	17	22
chr15	9	15	6	13	17	28	6	8	7	14	7	8	9	9	5	5	23	28	19	10	32	15	8	25	4	9	4	4	5	22	11	6	6	7	7	4	18	15	2	5	8	9	2	2	3	3	6	4	5	9	4	2	13	21	5	6	5	8	8	2	3	11	1	3
chr15	17	20	8	21	16	16	6	5	6	14	9	6	14	8	18	6	24	10	19	7	19	15	9	13	3	6	3	8	10	9	6	5	12	1	4	4	14	11	3	10	9	6	8	7	11	4	7	6	12	12	4	14	12	14	2	2	3	12	10	7	7	9	1	4
chr15	23	17	12	23	14	15	7	5	17	10	8	10	20	11	12	9	26	7	12	7	15	10	5	7	6	3	1	5	8	5	4	8	10	10	12	13	10	6	1	5	8	4	2	8	6	4	5	10	16	7	9	8	13	6	2	8	14	5	11	2	7	9	11	14
chr15	44	11	19	8	13	8	13	5	17	9	9	5	16	3	6	11	10	11	5	7	5	4	11	3	9	6	11	12	5	3	3	9	16	9	6	11	9	4	12	7	11	11	11	9	13	6	9	5	11	8	10	10	6	7	2	5	5	6	11	7	5	8	11	26
chr15	14	3	8	6	11	9	6	9	6	6	7	9	8	10	11	10	6	14	7	15	7	8	12	6	6	14	8	15	6	7	11	10	4	8	6	9	13	8	15	10	6	14	6	7	10	7	22	9	7	11	7	8	11	8	10	9	9	12	12	17	9	14	6	9
chr15	23	6	11	12	10	10	2	9	10	10	2	11	22	4	15	11	6	10	6	6	8	4	6	8	4	2	9	8	6	4	7	18	10	5	10	12	4	8	8	7	9	6	6	9	11	2	10	12	14	10	6	22	6	4	6	11	14	9	13	7	13	17	11	26
chr15	13	14	5	6	10	12	11	6	9	7	7	8	6	10	9	13	11	12	12	12	19	10	10	8	10	7	7	11	3	7	6	19	13	6	9	9	8	15	4	4	7	6	4	7	9	10	12	7	1	7	5	12	10	10	10	17	11	11	6	11	7	20	12	8
chr15	12	10	4	17	5	4	7	14	10	4	6	7	23	9	9	24	5	3	8	11	1	2	5	3	5	4	3	7	9	6	11	13	9	8	3	13	9	2	3	9	4	5	4	13	7	9	11	15	16	9	12	24	12	3	4	13	14	10	13	15	22	8	22	16
chr15	31	8	13	29	7	2	4	6	11	8	9	8	30	7	12	12	9	2	5	7	3	5	5	2	5	3	3	13	3	5	7	11	19	3	10	4	2	4	4	11	7	4	5	5	13	9	7	12	22	6	8	21	11	4	11	7	13	6	5	15	11	12	13	29
chr15	15	8	12	11	1	3	4	6	15	11	9	9	6	15	11	18	9	0	8	11	5	2	3	7	10	1	2	7	6	7	11	14	13	4	16	15	9	4	2	9	14	2	8	6	5	9	4	18	9	2	8	13	13	7	11	16	9	10	11	14	15	17	18	30
chr15	16	12	10	10	10	19	12	6	8	8	3	12	9	12	12	6	11	18	12	8	21	11	16	4	12	21	16	10	3	5	2	4	13	12	1	15	11	13	19	2	11	10	6	6	12	8	7	5	8	5	8	6	7	9	12	2	10	6	9	4	2	5	8	7
chr15	18	13	3	18	13	9	11	9	5	7	4	7	5	8	16	13	14	14	11	8	15	16	9	8	8	9	9	4	4	11	9	9	7	7	5	8	10	9	7	6	4	7	11	9	17	5	3	9	13	8	4	8	9	14	3	10	10	8	7	14	7	13	11	18
chr15	14	5	8	14	4	4	6	10	11	10	6	6	13	10	18	12	5	6	15	11	13	12	6	8	5	8	6	5	6	7	14	13	12	5	7	13	11	15	4	10	9	8	5	12	6	4	6	10	10	8	4	15	9	8	7	12	12	14	17	3	12	15	8	16
chr15	62	11	16	18	13	8	4	8	13	7	6	7	13	5	13	18	15	10	6	9	8	1	5	4	6	2	5	6	6	9	2	13	10	4	6	10	7	5	6	6	3	5	5	4	10	4	5	10	20	8	5	12	12	4	4	12	7	10	1	12	16	14	11	21
chr15	19	14	15	14	15	5	4	11	15	15	7	10	7	9	19	15	15	3	13	13	8	1	0	7	4	3	7	0	8	5	9	10	17	10	11	18	13	5	5	8	15	4	7	8	6	5	4	8	11	8	8	5	8	5	5	6	22	9	12	6	11	5	17	16
chr15	32	7	15	18	12	1	7	7	15	10	4	12	20	13	17	20	14	5	9	10	3	0	2	1	7	4	3	5	5	4	8	4	14	4	12	16	7	4	6	6	8	3	4	5	12	5	8	9	12	11	5	27	16	1	4	7	16	6	9	12	18	6	10	21
chr15	12	10	6	13	6	6	6	14	7	2	4	3	14	7	10	31	10	7	1	14	9	4	2	3	3	2	5	9	9	3	6	12	7	5	5	11	9	1	5	6	8	5	4	9	7	2	9	15	12	10	4	24	8	8	6	7	10	12	12	12	20	17	21	57
chr15	22	8	21	13	2	13	5	6	17	7	3	13	13	14	9	11	15	4	10	10	15	8	2	8	8	5	1	2	7	8	8	15	17	6	6	8	11	4	1	6	5	2	1	4	8	6	6	11	10	8	4	16	10	8	8	18	7	8	7	12	10	16	11	40
chr15	6	9	10	12	8	1	7	3	14	3	12	26	23	4	28	10	5	1	5	8	2	0	5	1	3	2	5	6	1	0	3	1	4	2	24	18	6	6	3	1	15	6	17	29	34	0	29	10	22	7	16	27	3	1	1	0	16	5	34	12	13	1	7	5
chr16	51	13	13	32	12	8	7	3	6	7	5	14	21	12	15	12	22	10	5	9	15	4	4	4	7	4	2	5	4	4	2	6	17	1	5	7	10	5	4	4	10	2	2	7	7	3	10	12	18	6	9	12	9	10	3	5	8	10	12	6	13	8	9	16
chr16	18	8	11	16	10	4	6	8	12	3	6	7	17	7	10	17	10	6	3	8	2	2	2	6	6	6	2	5	4	8	7	17	9	6	7	12	8	2	4	5	6	4	6	7	8	4	3	17	16	8	7	14	7	4	7	17	10	6	9	13	16	17	18	67
chr16	23	7	12	14	9	5	3	11	16	10	9	6	9	11	14	11	14	4	12	11	10	2	3	5	4	2	6	1	9	5	13	16	16	8	8	11	6	8	1	13	9	9	6	11	4	5	4	15	3	9	9	9	16	5	6	14	14	7	14	10	7	20	14	20
chr16	15	10	9	12	8	4	3	8	11	16	5	11	19	8	12	16	11	5	14	15	8	0	2	5	4	2	0	8	10	3	12	12	6	3	8	12	17	5	4	12	7	5	3	7	10	10	13	8	14	4	12	16	12	6	5	12	7	15	14	15	8	14	14	22
chr16	19	6	18	13	12	4	1	9	10	10	4	14	19	7	15	19	17	5	6	11	6	6	2	6	5	2	4	2	4	7	5	10	11	6	4	10	8	3	5	7	6	2	7	9	13	1	2	18	9	9	10	27	13	7	5	4	9	9	9	9	19	14	14	41
chr16	13	5	9	12	5	6	3	9	11	6	8	6	9	5	16	26	7	5	5	15	9	6	4	2	4	3	4	5	7	4	8	9	13	5	11	13	7	3	6	13	10	8	9	13	6	2	9	21	6	7	6	16	11	6	3	4	17	12	19	15	13	13	30	25
chr16	34	20	14	14	22	7	11	11	8	10	11	8	10	8	16	9	17	17	10	6	10	2	6	0	14	5	2	8	8	3	4	10	15	6	9	9	14	4	7	7	9	6	5	5	11	2	5	11	16	8	4	14	4	5	5	7	8	11	7	8	13	8	9	11
chr16	10	6	11	12	7	3	5	8	18	7	16	19	15	4	9	14	6	1	11	6	4	1	2	1	3	2	3	9	7	4	7	7	11	6	12	8	5	3	4	7	8	5	2	20	31	6	21	19	12	10	26	16	8	1	6	9	8	5	14	29	11	10	20	7
chr16	15	9	11	11	11	8	4	9	8	8	6	12	4	16	5	17	15	13	10	6	8	9	7	13	9	6	3	6	6	6	11	18	7	7	8	9	12	11	7	3	3	7	4	4	8	6	9	8	9	3	5	17	13	9	6	15	11	12	5	9	16	15	12	28
chr16	16	10	11	8	7	9	10	6	7	16	5	11	7	8	5	7	13	9	13	7	9	7	7	12	8	8	11	12	4	6	10	13	11	7	6	4	19	8	12	8	7	14	10	7	10	6	10	15	5	6	9	8	8	11	10	7	6	9	12	11	7	15	13	15
chr16	25	17	15	17	21	11	4	6	15	10	8	11	21	6	14	15	15	8	13	19	14	1	2	4	2	1	3	3	4	7	5	6	18	10	5	8	12	1	2	5	9	6	4	9	12	3	11	8	16	7	10	12	8	8	1	7	15	3	13	11	8	8	12	13
chr16	14	5	17	13	4	6	5	9	11	5	10	6	5	8	17	11	12	3	5	6	7	3	7	8	2	7	7	11	8	4	21	11	19	6	7	15	7	11	3	13	9	8	7	10	6	8	10	14	4	10	3	7	8	5	12	14	25	14	10	11	5	19	13	17
chr16	34	6	17	16	4	8	5	11	8	8	7	10	15	6	13	10	12	8	4	6	13	4	7	7	5	7	3	9	9	12	12	7	13	4	5	9	7	12	5	8	8	6	5	6	10	5	16	12	14	10	7	13	6	7	7	14	11	11	10	18	10	11	8	7
chr16	21	12	5	12	6	17	6	9	4	6	6	5	11	10	8	19	8	13	10	15	15	11	13	12	6	12	3	11	3	11	13	9	10	4	4	5	15	14	3	6	4	3	2	5	9	3	7	12	12	9	2	16	9	9	10	9	9	17	3	10	16	13	11	15
chr16	32	9	12	18	16	2	4	8	16	3	8	11	12	4	6	22	10	6	9	12	6	12	4	7	2	6	5	4	7	4	4	13	11	4	9	6	8	4	4	7	6	7	10	11	11	5	7	8	18	11	8	8	7	11	6	6	6	7	11	5	14	17	12	39
chr16	8	6	9	22	11	4	5	7	10	7	9	9	14	21	13	23	13	6	8	24	12	4	0	9	4	2	5	5	7	7	9	8	14	6	7	9	9	2	3	7	12	2	4	6	10	9	4	7	10	9	11	16	19	15	8	8	10	11	6	10	15	13	11	14
chr16	15	11	6	13	10	7	7	8	9	8	11	7	7	8	7	11	11	5	9	6	2	5	11	10	6	6	14	10	10	5	10	17	12	7	9	5	13	10	10	11	13	12	9	9	8	7	11	8	6	9	11	10	6	6	8	13	5	18	9	8	11	13	12	17
chr16	28	8	9	17	19	10	4	9	9	8	8	5	20	8	6	13	16	12	9	13	12	13	5	8	6	6	2	9	5	10	1	18	8	9	5	7	8	5	6	3	7	4	2	3	5	4	2	9	11	13	7	10	11	9	8	14	7	4	4	3	11	20	9	44
chr16	21	22	11	17	17	5	11	11	12	5	2	4	12	22	14	11	29	12	4	14	11	1	3	10	8	7	6	5	4	12	7	15	16	4	2	11	12	3	3	3	5	3	1	8	7	10	3	5	4	6	6	17	19	16	9	14	9	6	8	8	10	14	7	4
chr16	30	7	22	17	15	3	8	4	22	9	8	9	11	9	17	15	14	5	9	9	6	5	6	4	9	3	6	2	9	2	6	7	24	9	12	10	11	4	5	7	13	11	6	4	8	4	2	11	8	9	5	16	6	8	1	9	11	4	14	10	10	9	14	15
chr16	16	8	17	14	8	7	4	4	23	5	13	9	18	12	20	13	6	7	12	6	6	3	5	6	7	3	0	6	7	5	7	6	19	5	14	20	6	4	5	6	15	7	5	9	7	4	9	12	13	3	7	23	11	6	2	9	13	6	18	8	14	8	9	18
chr16	11	12	5	24	12	20	3	5	10	12	5	7	19	14	9	13	18	14	13	10	19	11	10	8	6	4	5	8	9	7	4	9	7	5	6	10	13	7	6	8	7	9	0	1	8	4	7	6	16	9	10	11	11	10	4	8	6	9	7	9	10	8	10	20
chr16	28	14	13	10	9	5	3	12	14	4	9	8	31	10	12	9	9	4	5	14	4	1	8	8	7	9	5	5	9	7	5	14	9	4	11	13	10	8	8	4	11	4	5	6	6	5	6	9	19	7	5	25	10	7	7	11	5	13	7	7	10	13	9	19
chr16	14	12	7	16	11	13	8	8	5	9	10	5	13	6	11	17	14	11	7	11	14	10	2	11	1	3	3	6	8	8	8	18	7	3	8	10	6	6	1	9	10	4	1	11	15	5	5	9	14	14	8	10	12	8	2	14	12	6	12	12	9	17	18	20
chr16	18	5	9	13	12	14	5	14	9	9	3	4	14	10	9	9	8	21	9	7	14	18	11	10	7	6	9	8	14	13	12	10	7	9	2	8	7	9	8	13	3	8	5	9	8	8	7	5	12	10	5	14	12	13	6	12	7	14	8	6	5	12	7	5
chr16	15	6	13	15	6	6	1	12	24	5	6	4	8	11	16	15	9	4	7	8	5	8	4	9	1	3	4	4	11	12	11	9	19	7	13	16	9	3	3	9	13	7	5	13	4	3	17	5	7	8	6	11	8	9	4	13	17	9	23	8	8	8	13	28
chr16	6	8	19	9	11	8	2	9	20	7	7	9	11	14	12	16	11	8	9	13	12	5	6	7	6	5	1	4	8	13	11	9	19	8	7	15	6	6	3	9	7	6	5	9	4	5	6	10	6	6	9	16	12	11	5	16	16	6	14	3	13	12	10	22
chr16	1	5	4	6	7	6	6	5	6	6	7	2	2	10	15	11	7	9	7	10	10	5	6	12	3	16	8	7	7	8	24	11	5	5	7	11	12	10	8	20	9	12	9	13	0	15	12	14	3	5	3	11	4	12	14	13	10	17	19	19	13	10	14	20
chr16	21	3	7	17	8	5	8	4	8	3	4	9	9	11	14	18	13	10	6	7	7	8	6	13	2	5	3	8	9	10	16	11	8	4	8	10	10	11	4	12	3	5	2	4	6	4	9	15	6	8	3	18	11	10	0	17	17	24	5	13	11	13	20	24
chr16	8	18	10	10	5	29	7	51	2	11	9	18	3	4	9	2	22	27	17	5	45	0	3	0	7	2	0	5	42	9	14	0	8	12	2	3	12	7	4	14	8	1	0	1	9	6	9	0	8	35	11	0	9	11	0	0	8	23	1	0	1	1	0	0
chr2	7	2	4	5	1	2	4	17	5	12	1	39	3	4	5	13	1	7	12	9	3	1	2	7	2	2	6	6	13	7	9	13	7	8	7	5	17	1	2	10	12	6	1	22	26	9	25	16	3	7	35	6	8	9	8	8	8	10	32	9	9	13	20	15
chr2	12	7	7	16	6	8	2	12	5	7	9	9	17	11	10	20	10	5	7	18	9	7	6	10	5	4	3	6	12	5	7	17	8	3	8	8	8	5	5	6	8	6	2	8	10	7	9	9	12	13	8	15	17	12	5	13	9	8	10	12	9	24	13	19
chr2	15	11	10	14	9	3	6	7	12	4	5	17	13	8	13	14	10	3	4	8	4	1	1	10	5	0	7	4	7	11	10	15	12	3	11	17	3	3	6	6	10	7	5	8	9	10	8	15	13	8	12	9	10	9	3	20	16	7	13	13	13	13	18	27
chr2	29	11	11	24	6	7	6	6	19	5	3	7	20	9	15	14	11	2	6	2	3	5	6	6	7	6	5	7	5	5	6	10	16	6	11	17	7	0	5	6	11	3	4	7	11	6	13	7	19	6	6	15	5	8	8	8	13	4	13	16	10	9	12	32
chr2	25	8	6	20	17	14	9	16	10	1	4	7	26	14	11	11	13	12	5	14	13	9	6	13	11	3	4	4	12	14	10	9	11	15	4	16	2	5	3	2	6	2	2	5	7	2	4	6	10	21	7	12	12	13	4	14	19	6	5	3	5	13	8	3
chr2	30	6	18	8	9	8	7	6	9	9	8	11	5	8	7	13	6	9	10	11	5	12	8	6	7	3	13	4	3	3	11	11	17	9	5	4	13	4	7	7	10	10	9	13	10	7	10	13	9	6	5	10	9	7	5	8	9	9	12	12	12	11	14	28
chr2	27	15	14	8	16	11	5	15	9	15	2	7	16	8	4	8	20	14	9	9	14	19	9	8	5	10	8	5	13	10	8	10	7	7	4	1	11	10	10	10	2	11	1	2	8	7	3	7	10	11	6	18	11	10	4	8	3	5	5	11	8	8	9	19
chr2	21	15	14	10	15	10	15	8	5	10	10	6	19	14	9	10	19	9	3	17	15	9	7	5	11	14	9	6	5	5	9	4	13	12	8	7	8	10	13	9	12	10	7	3	11	2	7	5	7	12	6	18	10	7	5	1	12	6	6	10	8	2	9	4
chr2	19	9	15	15	13	8	7	7	11	10	8	11	10	7	10	12	15	12	11	9	11	5	8	8	9	11	8	4	9	10	3	12	15	10	7	6	10	8	12	12	8	7	5	11	7	5	12	5	8	4	7	9	13	11	5	7	10	14	10	3	3	14	12	11
chr2	30	9	9	17	9	6	7	14	14	7	1	8	14	11	13	19	11	4	4	15	6	5	2	7	8	2	5	4	16	11	6	9	18	4	5	11	4	4	5	8	10	1	3	3	2	5	3	15	6	19	11	14	15	5	5	13	6	11	8	10	18	11	14	28
chr2	17	11	11	19	11	5	3	13	14	10	6	7	20	11	11	15	15	5	8	13	4	5	1	9	4	6	2	7	5	8	13	13	13	8	9	10	8	3	7	6	11	5	5	4	7	8	4	10	13	8	9	15	17	6	8	11	11	3	12	12	13	15	10	15
chr2	28	9	12	16	7	4	4	9	10	4	4	11	11	9	11	30	11	4	4	13	4	2	3	3	5	4	3	3	12	7	5	13	12	4	6	14	4	2	2	10	6	6	3	7	7	8	4	10	14	7	7	18	17	4	6	15	15	4	11	8	16	18	18	40
chr2	24	8	16	15	14	7	1	13	14	5	6	11	5	8	16	18	14	7	7	7	6	1	2	13	3	0	1	4	10	12	5	19	15	8	6	13	3	6	0	4	11	1	4	7	7	3	8	13	11	12	7	12	12	8	5	16	14	7	12	9	20	18	13	21
chr2	16	12	10	16	10	8	6	12	10	4	3	13	14	11	11	15	10	5	11	10	12	2	1	8	3	3	0	5	16	13	10	13	11	4	3	7	2	5	1	12	4	5	4	2	11	6	7	11	16	15	6	18	12	8	3	20	8	8	8	15	14	13	11	35
chr2	21	8	9	19	9	6	7	6	13	13	5	7	13	11	10	8	13	10	11	7	11	1	5	10	3	2	5	14	4	7	4	14	13	6	5	7	8	9	4	2	3	4	12	14	16	12	5	15	10	5	13	9	13	11	8	11	12	4	11	13	4	13	20	20
chr2	14	13	11	11	10	8	8	15	8	13	3	10	13	8	9	9	11	7	10	10	5	5	3	14	5	2	4	8	6	12	10	21	13	9	5	7	10	4	4	10	7	5	5	5	15	11	2	8	11	13	8	11	13	10	4	10	14	8	10	13	9	6	23	19
chr2	26	15	11	18	10	8	6	10	8	10	2	7	19	9	12	19	11	5	7	12	7	5	7	10	8	8	4	4	7	9	6	15	13	4	3	11	6	9	8	6	9	4	3	3	7	4	3	7	21	10	6	18	12	7	3	11	6	7	10	7	22	11	9	23
chr2	14	7	12	14	14	4	4	6	6	6	6	14	16	11	11	11	13	7	10	10	8	4	4	10	4	4	2	10	3	8	11	14	11	5	3	10	5	5	7	9	7	6	4	9	10	8	11	17	9	9	7	14	13	13	5	11	12	10	14	14	10	15	17	20
chr2	13	13	9	15	12	6	8	11	10	8	8	10	17	7	9	15	12	5	9	8	5	10	6	4	6	6	3	7	8	7	7	15	12	4	8	9	8	3	2	11	9	2	1	7	13	4	5	15	13	15	10	16	9	6	6	11	8	8	7	13	16	13	15	30
chr2	8	23	11	5	23	18	5	5	6	24	7	9	3	5	10	7	29	16	23	9	26	14	7	12	5	8	5	2	5	9	12	7	9	5	7	7	19	20	4	7	10	8	6	4	5	6	4	8	1	7	5	4	9	7	3	9	7	10	10	8	4	8	10	9
chr2	12	6	14	13	6	22	4	2	16	10	12	8	13	7	12	8	15	13	16	13	19	7	7	12	5	3	3	9	5	7	6	9	9	6	9	13	15	7	3	6	10	9	3	8	6	8	7	17	9	9	8	1	17	9	6	7	5	9	12	13	3	17	14	9
chr2	16	12	12	14	9	13	5	5	10	8	4	15	9	10	11	12	16	4	7	11	12	9	7	14	6	7	6	8	9	8	9	9	13	4	12	8	10	7	6	7	10	6	4	8	9	12	10	10	10	11	6	9	7	13	9	9	11	9	14	10	9	8	14	6
chr2	9	6	4	13	9	6	7	6	9	6	10	7	13	16	10	14	10	3	10	19	9	4	6	8	6	5	5	15	5	13	4	17	6	11	8	11	8	5	7	8	7	6	4	9	6	10	10	10	7	8	10	10	16	12	11	17	14	11	7	5	11	17	13	19
chr2	12	6	12	11	10	17	5	6	13	9	15	6	10	9	13	10	13	9	12	13	12	5	4	8	6	4	5	5	9	5	9	11	10	11	6	11	14	3	8	9	16	9	7	11	7	7	6	11	6	12	13	7	11	4	3	11	4	12	16	9	12	7	13	18
chr2	29	14	12	15	7	11	6	19	9	10	2	8	12	14	8	8	19	8	8	7	18	5	5	5	2	7	6	3	14	11	10	13	12	8	4	7	5	8	1	12	4	2	1	10	6	7	9	8	10	13	5	13	12	9	6	12	16	7	9	9	9	7	14	18
chr2	32	8	16	19	12	4	1	6	10	6	9	13	16	7	16	17	12	10	6	10	7	0	2	4	3	7	2	4	5	5	5	11	12	2	9	12	9	5	5	6	10	5	5	9	13	4	10	13	19	3	8	15	10	4	8	10	12	7	13	13	11	16	14	21
chr3	26	10	13	16	12	4	3	11	15	6	10	17	23	8	8	17	11	6	14	10	11	4	5	4	5	3	2	4	4	2	11	9	13	7	13	11	10	5	2	3	10	4	3	8	13	9	9	8	15	7	8	19	9	11	4	8	14	7	10	10	9	12	13	10
chr3	25	9	18	24	8	5	6	14	10	7	16	10	26	17	12	7	14	13	7	4	12	4	4	5	13	5	1	3	7	7	9	8	22	4	10	20	6	4	6	5	17	4	4	2	6	4	5	4	15	7	9	14	11	12	6	7	16	5	6	4	6	8	5	14
chr3	44	13	18	20	16	7	6	12	15	10	13	9	22	8	12	4	12	6	11	7	9	4	2	11	6	3	3	4	10	4	7	12	21	9	13	11	4	9	6	3	11	6	7	8	8	3	8	5	18	13	5	8	7	6	2	7	21	3	9	3	4	7	9	4
chr3	29	10	21	16	8	14	6	10	13	6	3	11	11	5	10	16	17	8	6	7	11	8	8	11	9	2	6	6	3	6	8	13	19	10	4	6	11	8	4	3	4	6	5	7	8	6	6	8	11	10	2	14	8	8	5	6	13	12	8	4	15	10	13	26
chr3	14	10	11	13	14	3	8	3	8	8	6	15	12	8	14	14	5	7	11	20	10	0	8	7	4	11	7	5	4	7	8	12	11	3	8	6	6	11	7	8	7	4	3	10	16	8	6	13	18	9	7	9	13	11	4	13	9	9	8	13	11	18	11	21
chr3	31	15	13	12	13	12	9	6	11	10	9	6	14	9	6	8	20	9	9	4	17	14	10	8	6	12	4	5	7	9	5	15	9	6	7	8	5	15	4	12	10	8	7	4	9	4	4	7	10	10	7	13	7	8	4	10	3	6	9	9	11	7	12	15
chr3	24	16	17	22	12	14	5	4	13	11	11	10	26	10	17	7	16	7	9	16	17	7	2	5	6	0	2	3	9	3	9	5	21	5	5	11	11	6	3	5	11	7	2	3	8	5	5	9	18	7	14	10	8	4	1	12	12	7	9	11	6	7	8	12
chr3	38	15	14	19	9	10	2	18	12	11	6	7	21	7	12	16	15	5	4	11	7	5	5	4	7	1	5	2	6	4	11	12	19	3	10	13	12	0	6	4	11	4	3	7	8	2	6	8	14	16	8	13	8	6	2	7	15	6	11	8	16	10	10	11
chr3	22	9	18	19	11	2	6	13	14	5	13	10	20	8	17	16	7	4	6	16	5	2	2	5	8	1	3	2	12	6	7	9	18	10	10	13	7	2	4	7	10	6	8	6	6	4	8	8	21	9	8	13	11	8	2	9	19	7	6	8	13	12	8	19
chr3	26	15	15	21	15	16	5	7	8	8	10	8	14	6	11	14	20	11	5	14	17	7	3	9	6	1	3	4	8	3	10	11	15	8	3	5	8	9	2	9	8	6	7	5	8	5	9	7	16	9	11	5	10	4	4	7	9	13	6	12	11	11	10	15
chr3	26	16	13	15	14	9	3	14	7	7	4	6	17	18	11	21	16	11	5	22	10	6	2	10	1	0	3	5	9	8	4	16	6	6	2	5	10	1	0	4	5	4	2	3	14	4	1	3	22	7	4	26	20	12	4	9	6	4	5	8	19	14	7	32
chr3	21	8	12	18	7	14	4	8	8	4	4	10	16	13	6	17	11	7	4	13	15	10	3	11	6	3	6	6	8	8	5	17	14	6	2	5	4	7	2	3	3	3	2	11	9	6	9	13	13	12	8	16	10	8	12	16	10	6	7	9	16	19	12	22
chr3	11	11	9	8	15	8	8	5	8	8	9	8	4	11	18	4	10	10	10	17	10	3	14	10	8	8	12	7	3	10	12	10	12	10	10	9	10	14	3	7	10	7	8	16	6	16	10	10	5	5	4	3	12	12	10	14	15	11	12	11	4	11	9	3
chr3	7	8	11	5	12	4	6	7	15	6	8	9	16	11	13	5	11	7	9	9	9	2	6	13	8	5	10	7	3	14	14	15	11	11	12	10	6	7	5	8	12	4	8	11	10	13	9	6	2	3	6	21	9	17	13	18	9	11	9	12	3	18	5	14
chr3	5	7	11	11	10	16	15	8	11	2	5	4	10	11	10	4	8	17	3	13	15	7	11	8	12	15	7	10	7	14	8	22	13	14	4	5	8	6	9	15	3	7	2	7	7	7	8	7	8	11	4	5	8	12	9	20	10	14	5	8	5	17	11	12
chr3	35	18	14	8	11	6	14	12	15	6	8	5	12	5	9	9	14	12	9	8	13	2	3	5	8	10	4	10	7	10	14	5	14	8	6	9	15	5	11	7	8	5	4	7	7	8	8	8	12	5	4	10	4	11	4	12	6	17	8	9	5	8	9	23
chr3	9	9	11	6	10	15	11	18	11	6	7	10	5	6	8	9	16	19	7	13	18	8	5	9	9	9	5	3	12	8	17	11	7	9	12	5	12	10	6	13	11	13	9	8	6	8	7	7	2	17	4	4	15	7	5	8	2	13	20	7	4	13	10	4
chr3	10	23	11	11	18	5	11	25	5	10	3	14	14	15	11	7	23	10	12	14	21	2	2	4	9	3	1	4	16	7	14	8	8	8	7	12	8	9	1	8	9	1	1	3	9	4	14	5	14	19	2	10	12	13	3	8	12	12	9	11	6	9	5	3
chr3	16	5	11	25	10	8	6	2	7	4	9	7	30	12	12	20	13	6	4	17	14	5	7	4	4	7	6	6	4	4	2	15	9	6	5	10	4	10	5	4	8	7	2	8	7	5	6	10	19	9	7	22	12	7	5	15	10	5	8	7	16	18	10	20
chr3	23	16	9	16	15	21	2	12	12	8	8	10	19	6	10	15	16	16	12	14	22	1	2	10	2	1	1	2	9	9	8	9	9	4	3	13	12	5	0	2	7	5	1	7	16	4	4	5	16	14	14	7	9	8	2	12	8	5	10	10	6	12	11	21
chr3	23	10	8	21	16	5	8	9	4	5	6	11	18	11	9	15	13	10	7	12	6	5	4	8	7	4	4	7	8	6	10	12	10	8	4	9	6	7	3	3	7	6	3	6	9	8	6	13	16	10	7	11	14	6	7	16	13	4	9	12	9	18	13	23
chr3	24	9	11	23	10	12	5	2	13	12	10	8	16	11	7	12	17	7	15	7	14	9	6	10	5	2	5	4	1	1	9	16	19	9	3	8	8	13	2	6	9	9	6	8	6	9	8	9	7	4	14	8	14	6	3	9	12	6	11	11	10	11	16	11
chr3	16	7	16	21	8	2	6	6	11	2	8	16	44	5	17	21	7	3	3	11	2	3	6	1	4	3	3	5	4	1	5	4	15	3	7	10	8	4	1	3	4	6	6	15	16	4	22	6	22	9	11	45	6	3	2	4	16	5	14	12	22	5	4	17
chr4	20	13	14	14	10	6	5	12	14	4	5	15	11	11	14	12	8	5	6	15	6	8	3	4	8	2	2	6	8	9	8	14	18	8	9	6	4	1	4	7	9	5	7	6	13	9	5	12	15	7	9	13	14	6	6	16	10	5	13	12	12	13	13	19
chr4	14	11	8	19	13	18	6	10	7	11	8	7	18	7	9	7	21	13	9	9	17	7	5	9	8	9	6	1	5	5	8	20	6	13	7	6	10	9	7	8	8	9	7	10	8	7	5	6	12	10	9	7	12	4	6	11	9	5	13	8	7	13	13	8
chr4	16	14	4	17	11	12	3	16	9	2	3	10	14	15	9	14	17	13	8	17	20	11	5	11	2	6	2	3	7	13	8	17	8	4	6	7	10	5	3	6	4	5	2	5	10	3	5	7	10	11	6	11	14	18	2	13	10	11	9	7	7	16	15	19
chr4	6	13	9	13	17	9	6	11	11	10	6	12	14	11	10	7	17	13	8	9	14	7	3	8	5	5	4	6	5	8	9	15	12	8	11	5	5	7	4	9	11	2	7	7	11	6	9	12	6	9	11	15	11	9	7	9	10	7	10	13	11	11	12	20
chr4	14	12	10	14	9	11	11	12	14	4	8	8	15	6	15	12	12	11	7	9	9	6	6	9	6	6	8	9	8	12	5	6	17	8	6	11	5	7	6	6	11	6	10	10	11	10	8	8	7	12	11	14	17	6	6	4	11	8	11	10	10	5	12	10
chr4	10	5	11	14	2	3	9	6	10	10	10	7	7	7	11	16	13	6	8	7	6	3	9	7	7	13	12	8	0	12	10	6	10	5	14	11	14	10	15	11	11	13	10	10	10	6	15	10	7	4	4	9	12	9	7	4	12	14	13	16	7	7	19	14
chr4	15	21	8	11	12	21	3	8	7	9	6	6	9	17	8	6	30	13	5	14	30	19	7	24	3	3	2	5	12	28	8	7	5	2	6	1	8	7	1	12	1	4	1	8	8	5	3	6	5	8	9	14	12	33	2	12	3	12	5	3	6	9	4	6
chr4	4	3	12	11	0	2	18	5	21	4	20	13	12	2	28	0	2	2	1	1	3	0	1	3	14	1	1	11	2	1	9	6	16	13	31	22	2	2	8	10	25	15	16	21	22	0	22	17	7	7	14	8	1	3	0	0	22	2	40	16	0	1	21	1
chr4	12	12	7	14	17	9	10	11	10	5	6	10	22	9	8	13	10	14	5	13	8	8	3	9	7	4	7	7	6	9	3	14	6	7	6	13	8	2	2	3	7	2	4	8	9	4	5	20	17	14	13	12	9	9	10	10	8	4	4	13	19	16	12	20
chr4	31	11	22	23	12	7	6	5	15	8	8	10	21	7	12	13	10	7	6	8	7	2	3	5	7	3	3	6	8	13	5	13	23	6	7	12	5	1	4	7	12	2	5	8	6	9	10	3	23	6	6	10	7	7	6	22	14	3	11	4	10	14	5	13
chr4	11	7	10	14	8	6	5	6	14	8	4	10	35	13	15	8	10	4	11	9	4	0	4	6	7	6	3	9	6	6	7	14	16	4	11	13	11	2	8	11	5	7	3	3	9	6	18	7	6	10	4	35	11	6	8	10	18	11	7	18	5	10	14	11
chr4	12	8	15	3	13	3	7	6	16	14	6	5	4	9	13	13	9	2	12	14	4	5	6	8	10	3	4	8	5	7	8	15	12	7	9	14	13	9	4	10	5	9	10	13	8	7	15	12	5	12	5	8	7	6	8	11	12	10	17	15	13	9	18	18
chr4	4	11	8	10	7	11	4	11	3	9	4	5	13	14	8	15	10	8	3	16	14	7	5	15	11	6	3	3	5	14	15	18	9	5	4	6	5	12	3	11	3	6	4	8	12	4	11	7	10	9	6	18	10	11	11	15	7	10	10	18	13	16	11	23
chr4	20	4	13	10	6	7	4	11	9	6	12	9	12	8	12	22	10	9	9	10	7	7	4	7	8	4	4	7	7	6	8	9	7	10	7	11	11	5	5	6	10	10	10	8	10	9	6	12	9	5	7	23	14	6	10	6	8	7	13	13	15	13	15	16
chr4	17	11	5	19	8	5	3	12	4	9	5	8	14	11	11	11	15	4	10	13	13	6	3	11	6	1	5	6	3	18	10	19	9	7	2	9	8	9	2	10	7	6	9	10	11	6	6	10	11	6	9	7	13	13	10	16	10	13	13	9	5	17	18	11
chr4	7	7	13	6	5	8	1	2	24	1	19	5	3	5	9	10	6	3	14	7	16	11	10	0	1	2	11	11	6	6	5	5	14	2	12	5	2	8	6	12	3	12	1	47	10	7	36	19	5	4	10	9	7	10	8	8	5	13	32	9	9	16	9	9
chr4	23	12	9	19	10	8	6	5	8	4	4	11	19	12	7	25	16	5	7	12	11	1	1	7	3	2	4	8	6	5	7	12	8	4	5	9	9	3	4	6	5	5	0	2	7	8	7	11	16	8	6	22	10	8	6	12	10	11	4	12	20	12	16	43
chr4	11	7	8	13	6	2	7	9	1	5	9	13	4	16	6	25	10	6	6	21	8	2	4	5	5	3	4	8	5	5	10	22	5	3	8	5	9	4	2	4	5	2	6	12	12	11	7	12	13	8	6	13	20	11	7	24	10	9	6	9	19	30	11	29
chr4	17	10	14	21	12	12	4	9	21	4	3	4	8	13	17	24	13	7	7	11	15	4	5	4	3	2	2	6	7	3	10	6	26	10	5	15	0	3	0	7	7	0	0	12	5	4	7	15	6	10	6	15	11	9	4	6	25	4	14	9	17	10	18	20
chr4	39	9	15	14	8	5	6	8	11	8	6	11	19	10	16	11	11	5	5	9	5	2	2	7	4	2	2	8	8	5	8	16	15	4	8	11	5	6	2	8	8	2	2	3	14	3	5	14	12	9	8	22	12	3	6	14	16	9	5	14	10	17	14	22
chr4	20	17	10	17	11	9	6	8	9	2	13	10	10	15	11	17	9	11	9	14	13	3	6	7	4	3	3	7	8	14	8	7	14	2	5	10	4	3	1	4	12	1	8	13	15	11	8	7	21	4	10	12	15	14	4	18	7	5	10	11	14	11	6	7
chr4	10	9	18	10	7	10	7	7	18	11	13	4	10	6	13	4	20	7	10	2	10	10	15	7	2	16	7	9	4	11	9	8	13	5	14	12	12	16	8	11	14	10	20	7	9	3	14	4	4	9	4	9	10	6	4	7	11	10	11	10	3	7	6	11
chr4	13	11	8	21	8	8	3	11	8	10	2	10	15	15	13	18	19	8	9	17	16	9	3	8	5	2	2	3	4	9	7	17	11	5	4	9	14	4	4	5	5	2	1	3	6	5	2	10	10	6	9	13	15	15	2	13	11	13	7	7	13	16	16	30
chr4	38	9	16	17	8	6	2	8	12	7	7	9	15	7	12	20	18	5	7	12	11	6	3	5	2	4	1	3	8	13	4	14	11	3	7	8	6	5	3	9	7	6	5	3	2	7	1	15	14	7	5	17	17	8	2	17	8	6	8	10	18	17	15	22
chr4	36	13	21	25	11	10	5	11	22	8	5	8	14	5	14	16	25	6	4	3	10	3	1	12	1	3	1	5	13	5	7	15	24	5	8	11	10	8	0	6	5	3	1	2	4	5	3	9	10	13	10	10	7	5	4	11	19	10	4	6	12	12	16	7
chr4	25	17	14	12	13	13	8	7	12	11	7	11	15	19	4	14	18	11	10	23	18	5	4	5	5	5	1	6	8	2	8	10	13	5	8	6	14	4	1	4	10	1	5	3	9	12	5	6	12	9	9	11	17	10	4	12	5	6	6	12	9	10	11	8
chr4	10	7	12	12	7	7	6	11	8	9	9	6	13	13	8	21	13	9	8	10	8	3	6	9	6	5	2	10	10	10	9	11	10	6	7	15	11	10	7	3	11	4	5	6	9	3	9	9	8	9	6	18	14	6	4	16	13	13	10	8	9	14	18	19
chr4	26	8	15	18	7	3	6	6	12	11	8	9	16	10	11	15	7	7	5	12	6	0	1	9	7	3	4	5	7	9	12	10	16	5	10	14	8	4	5	7	11	7	4	5	5	7	5	15	17	2	11	8	10	9	7	16	15	3	11	13	10	16	14	23
chr4	24	9	10	11	6	10	5	12	6	13	7	10	5	1	12	20	14	4	8	10	19	4	5	5	4	7	4	5	7	7	12	9	10	8	4	9	9	7	5	17	4	4	9	13	10	5	10	17	6	11	14	8	3	12	5	1	17	14	10	14	17	8	21	11
chr4	7	5	5	9	5	5	5	7	3	9	9	17	5	12	8	10	4	6	6	5	3	4	12	5	14	8	14	8	1	6	14	10	13	6	12	9	10	9	17	9	16	16	8	11	20	6	14	13	2	5	14	12	3	6	10	10	7	12	20	18	7	5	21	16
chr4	24	7	12	7	6	4	9	5	14	7	9	10	4	5	11	11	8	5	8	11	6	3	7	8	6	11	7	10	6	6	6	13	15	8	12	7	15	7	11	5	13	9	8	9	4	11	20	11	4	4	8	6	5	10	7	13	9	11	15	17	8	13	15	22
chr4	26	6	20	16	14	10	6	8	20	6	8	5	14	12	10	24	20	5	6	16	11	3	1	7	8	1	1	2	6	6	4	9	13	17	6	12	8	4	2	2	9	2	1	6	11	5	5	8	9	10	7	17	14	5	3	8	11	7	8	16	12	6	23	20
chr4	27	12	17	18	10	6	6	12	13	7	6	12	28	9	14	19	16	5	4	8	6	2	3	3	5	2	6	5	14	2	5	6	12	5	4	12	8	1	5	4	6	5	6	8	15	6	4	9	19	11	13	32	9	5	4	8	9	4	7	9	18	9	7	16
chr4	10	6	4	16	1	5	5	11	7	8	0	7	15	12	10	20	5	7	7	16	17	9	6	9	2	8	4	16	5	13	7	16	12	2	6	7	4	10	9	7	4	3	3	7	8	8	10	14	8	7	5	18	13	17	10	15	14	11	10	10	10	22	18	12
chr4	17	10	6	24	8	8	8	6	3	9	2	12	15	10	11	15	18	10	6	11	18	7	4	3	6	2	5	10	5	5	9	12	8	5	5	10	6	4	5	10	2	4	3	11	11	12	9	13	14	5	9	6	13	13	6	12	17	10	10	12	3	18	20	17
chr4	21	17	18	19	22	9	4	13	18	7	6	12	25	7	15	18	22	8	9	11	4	2	2	4	5	2	0	4	10	3	3	11	15	7	7	14	12	1	1	7	5	7	0	3	8	5	4	7	17	16	9	21	12	1	4	3	15	5	9	5	20	5	11	11
chr4	10	8	4	29	13	4	2	9	9	2	7	9	31	19	13	27	9	8	2	18	11	3	1	5	1	0	1	6	19	6	1	6	9	1	4	12	1	2	2	2	7	1	3	3	9	5	4	16	23	11	16	31	12	11	3	16	9	4	3	16	22	12	15	20
chr4	23	13	11	22	14	5	7	6	3	11	6	7	19	10	15	19	15	12	8	13	12	5	0	8	4	4	1	3	8	6	3	15	12	2	4	5	9	6	1	9	3	5	2	2	9	3	7	10	19	5	4	23	13	9	4	9	13	5	4	17	15	16	14	31
chr4	15	12	16	17	10	10	3	10	14	6	11	7	18	11	11	13	18	10	5	13	10	3	2	5	4	2	2	6	7	3	4	20	11	5	2	14	8	5	2	6	5	6	5	9	15	4	4	11	16	7	15	9	18	2	6	13	9	7	7	12	7	21	16	23
chr4	23	6	9	14	9	4	3	8	5	2	3	16	10	10	16	28	9	6	7	20	10	2	2	4	1	2	1	5	6	5	8	12	8	0	5	9	9	3	1	6	5	6	2	4	14	9	10	12	12	12	5	21	14	9	3	13	11	9	11	20	21	14	17	37
chr4	45	10	28	24	12	3	2	8	25	5	12	9	16	6	17	18	15	4	5	8	5	2	2	3	3	1	5	2	6	5	2	7	32	3	11	11	9	3	3	1	14	6	3	7	9	2	2	12	16	8	6	14	6	4	4	8	15	4	10	7	13	9	15	16
chr4	32	9	19	17	7	4	4	10	10	10	13	14	14	6	8	18	9	6	11	1	9	1	1	8	5	1	3	1	9	7	5	16	18	4	7	11	4	6	4	12	13	6	3	8	7	3	9	11	18	6	10	17	8	8	1	7	12	9	11	7	21	8	16	25
chr4	13	14	10	11	7	16	6	6	12	7	2	11	17	9	6	16	12	3	12	19	13	2	1	9	2	2	7	6	5	6	4	21	10	10	5	8	15	2	3	5	3	7	5	7	7	5	7	14	13	8	5	11	11	5	7	16	16	9	8	9	7	19	25	29
chr4	31	11	9	10	12	4	3	7	5	10	8	5	5	4	10	13	11	10	6	11	6	11	8	12	2	4	9	8	5	7	9	16	12	0	5	6	13	8	7	8	6	8	7	10	8	7	15	13	8	4	8	5	7	14	5	10	10	14	7	20	7	18	17	29
chr4	14	5	11	15	4	8	6	6	11	2	7	13	14	15	10	14	4	6	8	13	10	6	4	12	7	2	3	7	4	8	9	21	15	6	5	12	4	5	3	4	5	5	2	8	10	8	7	10	11	7	9	13	13	13	6	20	16	7	8	7	12	21	12	35
chr4	17	11	5	19	6	8	6	11	6	8	8	6	17	24	3	12	13	5	9	21	10	4	1	11	5	2	3	5	6	8	8	22	9	5	5	5	7	2	4	5	9	4	0	11	7	9	4	11	13	10	9	12	25	12	4	17	4	4	13	9	13	17	15	24
chr4	13	5	7	19	7	8	4	14	11	9	3	15	9	10	10	14	11	7	12	5	9	2	1	8	5	2	5	6	10	12	11	17	9	10	7	9	6	3	6	8	4	6	7	6	9	7	10	11	11	11	12	10	13	7	7	20	15	7	8	9	16	18	8	27
chr4	7	5	3	13	8	3	1	16	7	4	3	10	7	16	7	23	12	8	6	16	7	5	0	12	3	5	2	5	10	17	13	25	1	5	8	5	6	4	4	10	2	3	0	6	10	9	4	8	8	10	7	18	21	12	10	27	7	12	6	10	17	28	11	30
chr4	20	20	6	14	13	13	5	8	13	9	4	12	9	11	10	14	15	7	11	10	13	15	6	10	9	7	4	4	5	6	16	7	17	9	10	5	9	7	10	2	10	3	5	2	9	7	8	6	8	3	11	15	8	9	3	14	9	8	8	12	14	10	3	18
chr4	43	14	24	16	15	8	5	11	19	10	12	9	14	9	10	16	17	6	6	13	7	6	2	11	7	1	2	4	13	10	2	9	22	6	11	8	10	3	4	7	11	6	2	3	6	0	2	8	15	13	9	11	10	9	3	5	10	7	6	0	15	8	10	7
chr4	15	11	8	15	8	6	3	7	9	7	12	12	17	12	13	18	7	4	9	15	9	2	4	6	7	5	0	5	7	7	10	12	15	5	8	12	10	5	3	10	14	6	6	4	10	4	10	10	12	4	15	18	8	8	7	13	10	11	12	13	14	13	13	13
chr4	11	16	9	13	25	9	6	16	11	12	3	8	19	12	8	10	14	17	11	13	8	8	9	3	8	7	13	5	14	13	3	4	13	8	9	6	8	4	9	8	14	3	3	6	10	3	7	8	11	15	6	17	14	7	9	7	3	7	7	9	6	9	8	6
chr4	5	7	2	10	15	12	11	13	2	6	1	4	13	22	7	9	15	20	7	23	18	4	2	14	4	2	6	11	7	20	12	24	3	4	1	6	12	3	2	9	2	4	0	2	8	11	0	7	1	20	3	13	20	19	8	27	6	14	1	9	9	21	10	15
chr4	11	11	12	18	16	6	10	9	12	3	6	8	24	9	16	14	14	11	6	15	8	8	2	6	3	3	5	7	10	6	11	9	11	6	4	11	10	7	1	8	8	9	4	6	11	7	9	6	16	13	7	20	12	3	5	13	9	11	12	11	11	11	7	10
chr4	38	11	10	19	12	8	7	11	16	6	3	7	14	11	10	14	9	9	7	12	8	5	10	4	6	9	9	6	7	3	8	10	19	7	9	7	9	8	7	7	11	6	3	5	9	1	9	7	12	11	6	10	9	6	6	6	9	10	10	8	9	12	10	21
chr4	4	3	4	7	8	4	9	10	7	8	5	6	6	9	9	11	8	8	5	8	5	7	9	13	8	12	2	12	10	12	16	24	2	9	9	8	6	12	5	20	3	4	2	6	8	12	7	13	4	11	8	12	10	12	11	18	10	19	6	16	11	18	19	18
chr4	8	11	5	12	14	14	8	6	11	13	7	5	15	6	6	11	11	16	10	11	17	18	11	11	8	10	5	15	6	11	4	8	9	5	10	5	9	14	10	6	5	7	3	7	10	9	7	8	8	10	11	11	8	11	9	6	5	8	7	7	9	8	10	22
chr4	13	9	12	13	11	8	8	10	5	11	8	10	23	8	10	13	18	9	12	12	8	7	5	11	5	6	4	5	5	10	8	13	4	7	2	7	17	7	4	5	3	7	6	6	12	8	3	9	13	12	8	22	15	8	3	10	7	9	4	11	15	10	10	24
chr4	17	6	11	12	9	7	5	5	8	11	6	6	6	8	17	10	13	6	6	11	11	4	6	12	4	4	14	5	3	8	7	15	9	6	5	11	7	14	7	9	10	10	8	11	12	6	10	14	7	8	9	7	9	9	9	7	9	12	11	19	10	12	17	21
chr4	23	18	16	20	13	8	7	4	12	5	11	11	16	9	11	12	14	7	7	8	7	0	2	6	5	3	4	5	6	5	7	16	24	2	5	8	8	2	2	6	14	2	6	5	9	7	8	12	16	5	11	12	8	5	6	18	9	7	6	15	13	16	11	22
chr5	21	17	3	18	16	7	3	19	6	9	2	6	12	19	8	8	20	8	12	11	12	5	6	10	6	7	2	7	15	17	14	13	10	3	3	6	11	7	5	11	3	2	2	3	8	6	7	4	8	17	5	12	12	14	8	19	6	16	4	9	7	12	6	13
chr5	0	4	3	6	5	4	8	15	3	13	1	28	3	6	6	14	5	10	12	16	7	2	0	15	2	8	2	7	8	4	27	9	4	7	3	4	22	5	2	11	5	7	0	18	23	16	12	13	4	12	27	3	9	13	9	7	8	12	27	11	12	12	13	14
chr5	20	9	7	20	7	5	5	6	4	3	3	16	11	15	16	14	14	3	6	7	8	1	5	10	4	7	4	8	8	6	8	17	7	3	5	12	4	8	4	9	6	6	2	6	13	9	10	11	15	8	8	17	11	10	9	14	13	9	11	14	16	14	13	24
chr5	10	10	8	17	13	4	8	7	7	11	10	12	17	3	6	23	12	6	12	9	13	5	6	4	3	6	9	2	5	8	6	10	7	4	8	9	9	9	3	6	11	7	9	9	15	7	4	12	16	12	11	14	4	10	3	12	7	3	8	15	17	11	17	27
chr5	18	13	12	5	10	10	8	4	5	9	11	12	14	10	3	11	9	8	10	11	8	8	11	6	9	10	7	14	6	6	11	9	10	7	8	8	12	8	6	12	8	11	7	8	12	9	8	9	11	4	7	14	8	7	15	10	11	8	9	4	4	15	11	19
chr5	18	8	20	12	16	3	5	9	22	10	15	6	10	3	14	21	11	4	14	9	2	3	2	3	4	1	8	2	9	5	7	3	20	10	10	11	13	3	7	8	12	9	13	16	11	4	10	10	9	11	9	16	7	1	1	4	12	11	14	12	15	1	18	11
chr5	25	16	9	16	13	11	9	9	9	9	10	9	11	11	4	10	16	11	14	4	19	9	10	6	10	9	8	9	5	8	10	6	12	10	8	7	7	11	6	5	11	6	9	7	11	4	5	11	13	4	7	9	6	13	11	9	7	5	6	6	6	16	5	10
chr5	25	10	14	14	13	4	6	5	8	10	10	12	14	5	8	12	13	4	8	5	5	6	8	4	8	9	11	12	8	5	10	5	11	6	12	8	5	7	17	16	12	11	10	7	9	6	13	9	13	8	6	12	7	6	9	3	9	16	9	6	8	9	9	18
chr5	13	9	12	12	11	2	11	4	12	7	6	5	9	8	15	13	14	7	7	9	9	9	6	1	7	4	8	10	5	4	7	4	9	6	6	13	9	7	7	5	8	8	13	16	12	8	16	15	10	6	5	11	9	7	5	10	7	9	18	20	6	11	16	30
chr5	12	12	9	20	16	9	5	16	5	14	4	6	14	18	13	8	27	17	13	11	15	7	5	14	5	7	1	2	15	15	11	11	8	2	5	3	17	8	3	11	2	6	4	5	8	5	6	1	6	15	2	20	19	17	2	11	6	12	8	7	6	11	3	2
chr5	10	7	9	10	8	4	11	9	11	14	4	7	11	11	7	7	4	10	15	9	10	5	11	5	14	15	6	15	4	14	13	7	9	9	5	8	12	12	17	14	2	7	9	12	13	8	11	9	12	6	7	9	8	10	11	10	4	19	11	8	6	6	11	6
chr5	14	8	14	11	10	6	3	8	10	5	6	11	16	8	20	6	10	7	6	13	7	1	8	4	8	10	6	3	10	7	13	8	15	3	6	13	11	7	8	10	7	4	5	9	3	11	13	16	9	9	6	12	8	6	8	16	12	17	8	20	7	12	11	19
chr5	3	5	8	4	2	7	5	7	4	6	10	7	7	9	11	3	7	4	5	11	6	6	11	13	3	10	12	10	2	12	21	13	8	6	6	7	9	10	12	8	15	11	18	19	11	15	15	13	2	6	7	8	10	13	7	20	5	12	23	18	3	15	11	11
chr5	25	13	11	21	7	9	5	7	11	5	5	17	26	10	14	15	15	2	5	11	6	11	6	4	8	7	2	4	7	9	4	9	11	3	7	13	6	5	4	5	5	4	7	4	12	4	7	11	19	10	15	20	14	2	6	13	11	4	6	9	19	12	4	15
chr5	11	6	8	13	5	7	3	2	5	5	14	10	9	9	5	13	7	7	7	5	5	7	15	10	3	6	14	13	5	8	13	8	9	2	12	11	12	8	9	9	18	19	15	7	4	13	14	12	11	2	7	7	4	15	9	13	8	8	16	13	8	12	13	20
chr5	35	16	13	22	20	4	5	11	13	3	4	10	25	13	11	23	15	7	3	11	5	2	2	6	7	1	1	6	17	4	3	11	16	6	4	11	1	2	2	4	5	1	3	6	9	8	4	6	20	11	10	28	10	7	6	15	11	4	7	5	18	13	9	7
chr5	23	9	8	22	5	2	3	10	7	3	5	7	20	17	12	16	12	4	2	14	2	3	5	9	3	4	4	5	9	6	8	24	11	2	2	14	9	7	2	3	11	2	3	3	4	6	6	12	16	5	10	15	16	7	6	25	8	12	7	13	13	25	14	26
chr5	12	10	11	16	11	7	4	6	9	5	8	8	13	16	7	29	14	7	5	19	11	1	4	11	3	3	3	9	6	2	3	15	10	2	5	13	10	8	1	3	12	6	8	6	5	6	10	8	13	9	9	17	13	11	9	6	6	8	13	7	23	15	14	24
chr5	17	11	9	10	10	8	12	9	11	8	5	9	8	4	10	11	8	14	10	6	6	4	5	7	7	9	14	11	4	10	13	10	16	6	8	6	14	7	13	12	7	14	8	6	9	8	12	8	6	8	6	11	8	3	11	9	11	15	8	12	10	9	10	17
chr5	4	8	7	7	8	5	7	9	3	17	5	9	7	14	9	6	11	10	13	18	15	5	6	12	5	17	11	7	7	8	18	13	6	5	4	5	16	18	19	15	7	15	9	7	9	8	8	3	5	6	10	6	13	10	9	10	5	19	13	5	4	12	7	9
chr5	2	5	9	9	4	3	12	11	15	7	7	14	5	9	15	9	5	4	4	7	3	5	4	5	11	4	4	8	9	7	16	15	17	13	17	11	9	3	3	13	15	8	5	6	8	7	15	16	1	8	13	12	4	6	8	18	17	9	18	18	12	13	16	12
chr5	25	16	7	16	10	8	4	12	3	11	4	8	16	10	3	15	17	7	9	11	11	7	7	15	3	4	3	9	10	14	12	18	9	2	2	2	11	5	2	8	2	4	0	6	7	6	4	13	13	9	9	15	12	20	6	19	7	7	5	7	12	27	7	15
chr5	18	8	11	22	4	10	1	10	3	10	7	11	15	15	14	12	20	4	10	10	15	3	5	12	4	6	4	4	9	8	5	12	8	4	2	9	7	10	6	4	5	4	1	7	10	8	7	14	13	9	7	16	18	12	6	8	11	7	5	17	11	13	14	23
chr5	8	8	7	13	13	7	15	9	15	9	7	12	17	8	13	12	7	10	14	11	4	2	0	6	7	5	10	4	3	3	15	8	12	12	15	12	14	4	2	11	9	7	7	16	12	5	14	7	9	14	7	14	11	0	9	3	20	10	15	5	12	7	8	13
chr5	17	6	9	18	12	8	12	6	9	8	5	10	18	4	19	15	10	10	7	9	8	5	3	6	10	3	1	8	2	3	7	13	12	11	10	11	10	7	2	5	7	5	1	10	10	3	19	9	11	11	6	18	6	2	5	8	18	8	16	13	17	11	9	26
chr6	0	2	2	5	1	2	9	17	1	12	0	30	1	8	7	18	3	10	10	19	5	0	0	12	2	10	1	9	11	5	28	5	4	7	2	4	29	3	3	13	5	12	0	19	24	17	12	11	2	10	29	5	7	12	10	7	9	14	35	7	10	6	18	7
chr6	20	8	15	16	7	4	5	10	12	7	6	8	13	9	18	16	13	4	5	10	7	1	1	6	8	3	2	3	11	5	8	13	19	6	8	9	9	2	9	5	8	4	5	10	5	5	9	13	7	8	5	21	9	8	1	16	13	11	14	11	12	15	15	32
chr6	16	7	14	10	8	2	3	13	12	8	10	9	16	13	8	17	8	7	10	9	6	7	3	5	6	5	4	3	8	11	6	15	15	3	5	18	6	3	6	12	10	8	5	10	8	4	10	10	8	9	10	17	14	9	5	10	13	7	14	10	12	10	20	18
chr6	13	8	18	14	10	5	4	11	17	3	10	10	10	7	15	12	13	5	5	8	7	4	3	8	3	1	5	3	12	2	9	11	17	9	8	12	5	7	1	8	12	4	8	20	9	8	14	14	10	8	9	10	9	6	4	6	14	13	22	12	6	8	23	16
chr6	12	6	8	16	6	10	5	4	8	8	7	9	15	7	16	15	8	5	7	3	5	4	5	8	8	4	6	9	11	7	3	8	11	5	11	8	8	3	10	9	8	5	6	10	12	6	16	13	11	9	7	26	4	5	7	7	11	13	10	19	15	3	18	39
chr6	4	19	7	7	20	9	9	7	9	14	5	7	29	4	6	7	13	15	15	12	10	15	15	7	7	7	13	5	5	6	8	10	8	5	5	10	20	11	4	7	4	5	3	12	6	8	18	4	13	6	8	17	5	11	4	8	8	16	3	12	4	10	7	10
chr6	54	8	23	13	10	5	8	5	16	10	17	6	12	6	8	7	12	6	8	9	12	8	3	6	2	4	11	4	3	7	5	11	23	8	9	6	11	6	7	4	19	9	19	8	10	2	7	8	9	7	9	5	2	10	3	11	9	5	8	9	5	11	11	9
chr6	22	13	19	10	10	7	8	14	11	11	10	12	16	12	9	11	18	7	3	8	8	6	3	7	5	1	5	7	16	4	12	4	14	8	12	10	7	6	2	7	18	4	9	7	7	4	7	13	9	11	10	20	11	5	5	8	10	6	14	5	12	9	7	12
chr6	28	8	15	14	10	8	2	9	14	4	6	11	9	8	13	23	10	4	8	18	12	3	4	4	5	0	3	3	4	5	11	9	13	11	3	10	6	5	2	5	7	3	6	7	13	6	7	14	14	6	9	11	12	7	3	11	11	11	8	19	14	14	18	27
chr6	13	11	7	20	10	4	5	11	7	8	3	9	13	18	8	18	13	6	8	12	9	3	5	5	5	6	3	8	8	7	10	15	13	3	6	7	10	4	2	8	6	4	0	4	13	7	5	11	12	10	6	18	10	11	10	16	10	6	8	15	12	15	16	32
chr6	22	10	14	18	9	9	4	6	5	6	6	12	11	18	8	17	14	6	7	13	12	5	0	12	3	1	4	4	13	9	6	17	12	3	2	6	7	4	3	6	7	5	8	3	11	5	2	12	16	9	6	17	12	11	5	21	8	8	5	11	14	17	16	25
chr6	25	13	19	15	15	11	7	9	17	13	12	7	13	8	9	12	14	9	15	8	11	3	7	8	10	7	2	5	10	3	7	6	19	8	9	10	11	8	4	6	11	6	5	5	5	3	3	14	13	12	6	9	9	7	6	4	8	3	8	8	12	12	8	16
chr6	19	13	21	15	19	8	6	5	26	6	8	11	10	10	15	17	20	6	13	7	11	1	2	5	5	1	2	4	6	2	5	10	22	11	10	16	8	4	0	6	13	6	3	5	5	3	8	11	7	7	7	14	8	6	4	7	15	5	14	8	14	10	14	18
chr6	19	6	15	10	7	8	6	12	17	6	10	4	8	10	12	19	12	9	7	11	10	4	1	5	2	2	2	4	9	5	15	9	9	8	6	15	10	2	0	6	8	2	2	22	13	9	11	12	10	10	9	14	12	6	3	14	11	8	20	15	13	11	16	15
chr6	10	7	10	11	6	9	4	5	6	10	8	9	6	4	7	12	11	6	6	6	6	9	10	14	2	8	5	8	4	7	15	22	10	4	6	4	9	8	5	15	7	7	13	8	9	9	13	16	7	7	11	8	7	13	4	15	9	12	9	22	14	19	17	18
chr6	9	2	8	15	4	3	6	12	6	13	5	7	14	12	10	9	5	11	8	11	12	8	10	7	17	9	11	14	10	16	5	9	9	4	6	13	10	12	19	8	2	19	9	5	8	12	11	5	11	8	9	6	8	14	16	14	7	8	10	10	2	12	9	4
chr6	13	14	13	12	16	9	5	9	14	13	6	11	11	13	14	16	20	8	15	15	16	0	4	3	7	2	7	4	8	7	3	9	7	8	9	16	9	7	7	9	7	11	8	9	10	4	9	5	12	9	7	12	17	6	4	6	12	6	14	4	11	9	10	7
chr6	43	7	15	19	5	4	10	4	13	8	15	12	14	8	9	12	10	3	9	9	9	6	5	5	8	8	6	4	7	3	5	8	21	4	11	8	11	10	5	8	13	6	13	10	6	3	11	11	10	9	13	8	6	5	6	6	10	12	8	4	13	9	9	16
chr6	4	6	5	7	5	9	15	8	4	7	6	5	7	5	5	8	4	11	10	4	10	7	18	5	16	24	18	10	3	9	12	15	7	12	5	11	9	14	20	19	9	12	7	12	3	10	16	8	7	7	2	3	5	10	15	7	6	19	10	10	6	13	12	10
chr6	24	5	18	21	11	5	2	8	15	8	8	15	21	12	12	18	23	5	7	9	6	2	1	10	4	3	2	3	11	6	3	12	9	7	12	13	10	3	3	5	8	4	2	2	5	6	6	9	12	9	9	20	17	9	6	9	13	6	4	6	14	17	8	25
chr7	24	10	13	18	10	9	10	8	11	6	1	12	24	6	10	21	9	4	5	13	9	2	3	5	2	3	3	13	7	3	6	14	8	3	7	8	5	4	3	7	1	1	0	6	18	5	5	15	24	21	5	22	7	4	5	9	12	9	4	12	23	11	16	24
chr7	18	7	12	15	10	4	5	7	13	7	4	6	15	11	13	20	9	7	8	15	4	4	5	9	5	3	3	10	6	14	7	12	17	3	6	7	8	7	4	6	7	4	3	5	10	5	11	11	8	9	5	22	16	7	7	17	8	11	9	16	13	17	13	18
chr7	23	8	15	13	8	7	4	6	9	3	13	11	18	10	11	11	13	6	7	8	4	1	4	9	4	6	2	4	9	10	7	12	9	5	9	11	8	1	1	8	11	2	4	10	7	6	6	24	14	6	6	18	14	9	6	15	10	7	8	18	10	18	19	22
chr7	20	10	15	10	15	9	8	11	11	16	2	11	15	14	7	18	17	11	7	21	16	3	3	7	4	6	4	6	12	7	11	7	11	6	9	10	13	4	4	9	5	3	4	4	9	6	8	5	7	16	9	13	11	13	5	10	16	5	6	7	9	12	9	6
chr7	6	6	19	9	15	8	5	6	13	7	10	4	7	15	13	12	16	11	5	9	8	9	9	4	8	4	7	5	6	7	9	9	14	12	5	22	6	6	3	11	11	8	9	12	3	6	15	12	4	5	5	6	13	7	7	10	21	7	14	15	4	9	20	15
chr7	14	6	17	14	8	6	2	6	16	11	7	7	11	15	10	22	16	6	8	10	14	3	3	5	1	1	4	9	8	5	8	10	14	2	6	21	8	6	1	13	8	6	4	14	6	4	15	9	7	8	10	14	10	10	9	7	18	10	17	4	14	12	15	13
chr7	19	12	14	24	11	4	5	15	13	10	4	10	14	13	11	10	13	7	6	8	7	10	5	7	10	2	3	4	11	10	7	15	17	5	8	4	4	6	2	5	5	1	5	7	13	5	5	9	20	11	9	13	12	9	7	16	6	4	6	11	15	16	3	25
chr7	18	7	9	18	10	3	4	7	12	8	6	8	27	7	19	13	13	11	12	5	12	3	3	5	2	3	6	3	4	8	9	15	12	4	8	6	7	10	5	9	9	10	3	3	10	4	10	7	9	2	5	37	11	7	2	15	8	10	10	17	12	16	7	23
chr7	28	10	16	11	11	12	5	4	12	8	15	10	21	6	12	11	16	6	9	6	6	3	10	5	11	6	8	4	3	6	4	12	11	8	12	10	11	2	11	10	13	8	9	9	11	5	7	7	10	8	8	23	9	7	3	6	5	11	7	7	15	8	7	13
chr7	14	13	16	15	8	10	6	9	15	5	4	8	14	7	7	16	8	2	4	10	5	3	7	6	5	8	6	4	8	5	11	15	17	8	5	7	7	4	4	8	3	5	4	10	10	2	6	20	19	10	7	12	4	4	6	15	14	5	8	16	16	15	19	34
chr7	12	6	13	10	18	7	1	5	3	9	9	13	23	10	12	19	7	14	6	23	8	3	1	8	0	1	2	8	11	4	6	11	3	4	4	8	14	0	1	6	5	4	2	10	12	13	10	12	19	7	11	23	10	10	8	13	11	7	8	16	14	14	14	22
chr7	7	9	3	5	8	14	16	8	5	6	10	2	4	5	12	4	9	18	12	9	13	7	13	8	11	17	10	16	4	8	11	10	5	15	4	9	16	12	18	11	8	21	7	8	3	10	17	9	3	4	4	2	11	8	7	6	9	13	17	13	2	9	12	11
chr7	7	8	5	11	10	5	14	8	5	9	10	5	8	10	8	14	9	12	10	9	9	6	14	9	11	20	8	9	9	7	6	7	8	9	8	8	12	22	13	6	12	10	14	4	10	5	8	10	7	8	6	12	9	5	7	6	5	14	8	15	6	5	19	15
chr7	4	10	1	5	7	10	8	9	5	6	2	6	2	14	10	6	10	13	9	10	10	9	7	22	6	9	5	8	11	19	23	18	5	4	6	12	7	11	6	19	8	5	7	8	2	12	7	9	1	7	3	5	18	18	7	21	8	23	14	8	2	19	12	10
chr7	17	8	10	16	5	2	5	7	14	8	12	9	15	7	14	17	9	2	8	8	6	3	3	7	4	5	2	10	9	9	8	10	13	3	10	10	9	6	6	10	9	9	3	8	13	5	9	13	12	6	15	19	7	8	7	12	10	9	12	13	15	12	13	23
chr7	22	2	7	14	2	3	9	5	8	9	5	7	8	8	15	12	7	1	8	3	2	6	13	5	9	10	10	14	4	9	8	15	9	6	8	12	10	6	11	7	7	6	6	8	11	7	9	17	7	10	6	14	6	10	10	19	11	9	6	15	14	21	9	31
chr7	20	14	10	11	5	13	6	10	15	6	4	6	11	12	11	20	9	5	8	14	7	3	5	13	6	3	8	5	11	5	6	19	16	9	5	11	8	4	5	7	8	5	2	4	6	2	6	9	10	6	8	18	16	8	6	11	12	10	5	7	15	22	11	25
chr7	24	10	11	16	11	6	4	14	16	6	2	12	16	9	10	28	8	6	8	10	8	3	3	6	4	2	2	4	12	4	6	15	17	4	6	12	4	3	2	6	1	4	3	2	14	3	2	7	12	16	11	25	9	8	3	11	18	3	3	8	21	15	14	35
chr7	13	9	19	19	9	10	4	10	25	8	7	7	13	11	24	10	17	5	8	12	11	6	6	7	7	3	5	3	8	4	7	12	19	11	12	18	9	5	6	8	15	7	5	5	7	7	2	1	11	8	8	9	13	9	2	6	13	10	15	2	8	8	7	13
chr7	16	9	15	15	12	11	5	6	19	8	11	10	10	14	13	13	16	6	12	12	11	2	6	9	5	4	6	2	9	7	9	11	19	7	10	14	9	2	3	6	13	4	8	8	12	5	5	5	4	12	11	9	15	13	3	15	13	4	8	7	5	19	5	11
chr7	13	9	8	7	3	8	9	4	5	11	9	5	5	6	8	11	5	4	4	11	5	11	16	9	10	5	14	16	5	13	7	17	12	4	11	7	8	11	9	13	11	11	5	9	6	9	14	10	7	7	6	5	8	11	11	17	8	14	8	9	9	19	10	26
chr7	8	6	5	7	6	7	10	6	7	7	7	10	7	15	7	10	5	6	10	13	11	6	9	12	11	17	18	7	4	5	9	12	3	11	8	14	6	18	21	6	10	13	14	11	12	7	9	8	10	6	8	5	11	7	14	6	8	14	9	8	6	11	14	10
chr7	12	7	8	9	16	12	12	9	9	16	8	9	12	12	11	13	11	23	17	16	16	8	3	7	14	6	6	6	4	11	5	8	8	8	10	15	16	7	6	3	9	4	1	4	6	4	3	12	5	11	7	8	19	7	11	9	9	6	3	6	9	19	5	12
chr7	10	10	9	13	5	8	7	10	6	6	7	14	6	11	9	20	13	8	10	7	5	8	6	3	7	4	8	11	4	7	9	9	6	6	6	16	13	2	11	4	6	13	5	6	15	7	8	14	13	6	8	10	15	4	6	12	14	8	10	13	12	12	19	28
chr7	21	5	8	23	5	7	4	7	7	5	9	8	12	9	9	22	13	5	5	9	9	3	5	8	2	3	7	6	4	8	6	15	12	5	3	3	9	8	4	5	5	9	4	13	12	5	8	13	11	7	13	17	9	7	5	13	9	9	12	11	20	12	18	38
chr7	26	10	20	22	17	7	2	5	17	14	9	6	13	9	13	15	21	5	12	10	8	4	4	7	4	5	2	2	11	5	7	9	15	6	7	9	10	5	2	10	6	4	3	11	9	5	2	12	16	10	6	9	13	7	5	10	10	4	10	9	9	16	11	16
chr7	25	9	14	17	6	3	5	11	13	4	7	10	21	14	13	17	13	3	4	13	5	4	3	7	7	2	5	4	11	5	8	8	14	6	8	15	9	6	4	3	15	7	5	8	3	2	10	14	13	7	8	20	13	6	6	11	9	9	18	6	13	15	11	13
chr7	28	10	12	26	7	6	3	9	13	4	11	8	16	7	9	24	13	6	4	5	5	2	0	8	3	2	3	1	7	6	4	13	16	2	10	10	6	3	1	4	13	2	5	8	11	5	7	12	19	7	10	15	10	5	5	9	9	6	9	18	17	11	22	36
chr7	21	9	19	11	14	2	3	6	14	7	14	11	12	13	9	6	17	6	8	8	4	3	4	5	2	8	2	6	3	11	6	18	12	3	10	9	12	6	4	8	9	6	19	6	10	8	15	9	10	7	9	12	9	5	7	19	9	9	5	19	13	8	12	17
chr7	20	14	12	10	12	7	7	11	13	8	7	6	13	11	6	15	10	9	6	13	7	5	7	9	9	3	3	10	11	10	10	12	11	5	9	11	7	5	7	12	10	6	7	8	6	5	9	8	15	10	6	11	12	11	4	11	4	14	14	4	12	12	11	15
chr7	20	10	4	15	9	3	6	10	8	6	8	5	16	6	9	20	11	3	3	14	6	9	5	11	7	4	7	8	4	10	14	11	9	5	9	8	7	8	9	6	6	7	4	10	10	5	9	8	9	10	11	14	9	11	6	12	10	13	9	9	14	16	9	34
chr7	21	10	12	19	8	8	7	9	7	7	3	9	12	9	9	18	16	5	2	11	7	13	4	9	4	2	6	7	6	8	7	18	9	4	3	10	5	3	4	8	5	5	9	7	5	6	7	9	16	13	8	9	14	9	4	13	10	6	8	4	23	17	5	47
chr7	30	15	13	17	12	9	4	9	13	4	4	12	16	11	10	17	15	12	8	11	13	4	2	11	3	2	3	3	7	6	3	17	12	4	3	9	6	7	4	0	4	4	0	5	7	2	7	13	18	4	9	17	15	9	1	13	8	7	6	9	18	19	10	32
chr7	44	21	42	11	11	8	3	16	29	11	15	11	7	7	3	4	21	4	10	2	16	4	2	5	3	1	2	2	12	7	14	9	41	4	10	5	6	6	0	8	12	3	4	5	3	4	7	9	12	9	4	3	4	9	3	13	17	5	3	5	6	11	5	5
chr7	17	18	25	23	19	6	9	6	26	4	9	13	16	9	8	18	27	6	8	9	7	0	2	6	7	3	3	3	6	9	6	5	21	11	8	12	7	1	0	6	10	2	5	6	8	5	4	11	18	5	11	7	17	8	5	7	9	5	6	6	11	14	9	10
chr7	22	12	9	15	11	13	6	9	8	8	5	7	18	9	11	14	12	8	6	11	10	6	8	10	6	11	5	5	7	6	12	10	8	8	8	11	5	7	9	8	5	4	1	10	10	5	4	14	16	10	5	16	11	8	4	8	16	6	9	11	12	11	15	13
chr7	3	5	7	6	10	5	14	9	5	12	7	4	14	9	9	14	9	7	10	10	7	3	6	6	7	16	12	13	8	9	9	10	6	11	8	12	11	6	16	12	13	8	11	8	6	6	10	11	4	15	3	18	8	8	12	8	12	9	10	8	12	12	11	18
chr7	8	12	7	16	13	3	10	12	6	4	5	6	10	11	15	12	16	9	3	12	9	6	5	10	2	6	5	12	10	13	7	16	7	6	6	5	9	7	3	6	5	4	7	8	11	7	12	11	12	10	5	15	9	14	7	18	11	11	7	15	12	17	10	20
chr8	17	10	7	12	7	5	5	14	7	9	3	8	8	9	12	10	14	6	12	9	14	9	3	13	7	8	3	6	7	20	15	21	7	6	3	9	13	8	6	12	4	5	3	3	11	10	1	5	8	9	5	9	7	17	10	24	7	17	6	9	5	19	11	19
chr8	0	5	3	5	5	4	8	14	4	13	1	27	3	5	6	12	7	10	13	12	8	3	0	15	3	7	3	6	9	4	27	11	4	6	5	7	19	6	3	14	7	8	0	15	19	15	14	13	2	10	24	3	10	13	8	8	8	14	26	12	8	15	13	16
chr8	26	11	19	17	12	8	2	10	14	6	6	8	19	8	11	26	13	5	6	12	9	7	5	8	3	4	6	2	9	7	4	17	11	6	4	12	7	4	5	7	7	6	4	3	5	4	4	6	23	10	5	23	9	10	3	12	9	7	4	6	28	15	7	12
chr8	20	11	15	17	11	3	6	10	8	10	6	8	15	7	18	15	15	6	8	8	6	1	4	7	8	4	3	5	8	7	6	13	14	2	5	9	11	7	3	9	7	5	3	3	11	7	7	13	14	11	4	21	10	7	6	8	7	11	6	22	16	10	15	25
chr8	21	13	12	15	11	11	4	10	12	7	4	5	17	13	11	13	12	9	2	15	6	4	6	11	4	8	3	5	14	5	14	15	12	4	7	8	11	8	7	12	6	6	1	3	7	6	3	7	15	10	7	16	11	4	3	15	9	17	8	10	10	9	16	18
chr8	14	14	8	16	11	10	10	4	12	11	2	10	18	20	7	14	13	10	10	15	12	7	2	10	9	2	4	4	7	6	6	17	14	6	5	14	15	5	3	5	8	6	3	4	5	4	3	10	11	5	12	13	10	9	4	17	10	9	12	5	11	10	20	15
chr8	28	11	11	13	9	3	7	7	5	5	6	14	15	6	15	24	10	4	8	12	6	2	4	5	4	6	3	4	8	4	9	10	5	7	3	12	12	6	2	9	2	7	8	7	11	6	7	11	20	4	8	23	7	6	4	9	16	11	7	10	21	10	13	36
chr8	14	7	8	17	8	16	3	6	8	8	5	5	10	5	11	20	14	10	3	12	13	4	3	11	3	3	3	7	5	10	8	21	7	8	8	8	7	4	3	11	5	7	3	7	7	7	9	9	11	8	7	9	11	6	7	16	16	7	11	13	13	18	19	35
chr8	6	1	11	8	4	3	4	5	12	4	10	13	6	16	18	20	2	2	10	21	9	2	6	5	4	7	3	5	4	6	6	11	11	7	8	17	8	7	1	8	14	4	9	11	17	9	13	13	7	6	10	14	14	10	8	10	13	8	16	23	10	11	23	14
chr8	15	10	10	14	14	4	7	2	9	5	8	9	5	11	3	16	11	7	6	7	4	7	6	6	5	7	14	16	2	7	9	11	12	4	9	5	10	8	10	7	11	12	5	10	13	8	11	16	11	6	6	9	3	4	19	14	5	11	11	13	12	15	16	25
chr8	39	7	17	13	11	8	6	7	7	11	10	4	14	9	7	21	14	8	5	17	2	4	6	11	4	6	3	7	3	7	5	16	13	5	3	6	16	4	2	7	8	4	6	6	9	6	5	5	10	12	7	14	15	7	6	6	8	8	5	8	17	12	13	36
chr8	5	14	2	7	13	5	14	9	10	10	5	8	12	14	8	6	9	11	17	9	10	4	12	9	16	19	10	9	10	12	10	7	9	7	10	12	11	11	16	14	9	10	6	4	6	7	5	10	5	10	4	11	12	15	12	7	3	13	8	7	2	13	8	5
chr8	5	8	4	3	8	8	12	5	11	12	10	12	6	12	8	5	8	11	12	10	11	9	15	9	9	12	13	9	5	8	9	12	7	9	21	11	11	14	4	9	16	6	4	14	7	16	9	10	0	6	8	7	10	13	12	11	12	8	13	7	3	10	14	5
chr8	64	10	31	29	8	7	4	10	25	8	5	8	23	7	8	18	14	8	6	7	9	0	2	6	1	2	2	5	11	2	8	6	29	3	4	6	6	3	2	5	6	2	2	3	10	4	3	7	27	8	5	15	12	7	2	6	10	4	4	8	10	14	7	10
chr8	33	10	21	22	9	7	5	3	16	6	8	9	14	14	11	18	17	3	6	12	12	3	3	4	6	2	1	5	9	4	2	10	22	5	6	7	3	5	3	4	3	2	3	10	7	7	5	15	14	6	6	17	14	7	3	14	15	5	6	10	13	13	18	25
chr8	21	10	12	25	10	5	0	5	15	7	10	10	14	11	13	25	13	2	13	12	4	0	2	4	4	1	2	3	4	4	3	13	18	5	9	12	7	3	2	5	8	4	5	12	7	8	5	14	16	3	8	14	19	2	6	10	17	5	12	9	16	14	22	24
chr8	4	7	10	9	10	11	8	11	2	10	8	4	12	6	14	14	6	11	3	14	8	3	7	14	11	8	5	12	9	12	9	15	9	9	3	11	8	9	9	10	9	9	1	7	7	10	7	11	11	13	8	12	8	9	12	10	11	8	12	12	16	11	13	16
chr8	17	13	14	4	15	13	9	10	12	7	8	9	2	11	14	10	17	21	11	13	20	5	11	5	10	13	1	10	5	3	9	12	11	9	8	12	16	13	12	5	6	8	3	3	4	5	6	10	3	4	3	8	11	10	2	9	12	18	8	3	7	12	12	11
chr8	21	8	8	16	12	6	6	4	7	9	7	10	13	9	10	19	13	12	11	10	8	8	2	11	6	5	3	8	4	8	11	11	10	2	10	8	12	8	6	4	5	7	1	3	9	9	4	8	9	6	4	17	14	7	8	15	12	9	5	9	10	18	10	43
chr8	10	17	14	21	26	8	5	5	9	11	8	10	20	7	19	17	21	8	11	18	7	3	3	5	4	2	2	3	11	4	6	6	12	5	6	9	13	4	3	8	13	4	8	7	8	7	6	7	19	14	6	15	12	3	0	9	6	11	14	8	15	6	9	10
chr8	12	13	11	7	13	8	7	8	17	12	10	14	11	8	9	13	6	10	17	3	6	0	9	3	8	4	6	12	8	5	6	4	17	4	15	12	13	4	8	6	10	8	11	12	18	6	11	13	7	9	10	19	4	6	6	7	13	7	14	10	8	4	18	8
chr8	12	15	13	16	14	17	10	7	12	11	8	13	12	8	10	9	22	11	18	5	23	9	7	5	11	6	6	6	11	12	5	5	10	12	10	8	8	8	7	8	8	8	2	3	7	8	8	5	11	10	3	10	12	10	5	13	9	6	5	6	4	12	3	10
chr8	31	11	11	14	7	7	9	7	17	6	7	7	26	6	13	14	8	4	5	14	8	6	12	2	4	9	8	13	3	5	7	4	13	4	14	7	9	13	9	5	10	8	5	6	18	5	6	9	15	11	7	24	7	2	4	5	6	13	9	12	10	2	14	11
chr8	11	18	9	11	11	16	6	6	5	7	9	8	12	18	9	12	14	7	10	14	16	4	4	11	6	1	8	6	5	15	12	10	7	6	5	15	3	4	5	6	12	3	2	7	12	10	4	10	17	8	5	11	15	11	6	19	9	7	5	15	12	8	12	16
chr8	17	22	6	10	31	16	9	15	11	9	4	6	3	8	8	8	20	18	15	9	21	1	3	8	8	1	6	5	18	6	15	8	15	9	6	1	5	6	6	10	4	6	4	5	3	6	13	12	3	21	3	7	5	10	2	15	8	11	5	18	10	12	6	6
chr8	17	16	6	10	10	13	4	19	4	11	3	9	3	19	5	12	18	9	10	19	16	6	6	7	6	3	3	6	13	13	15	20	9	7	3	2	10	4	4	8	3	7	3	5	7	10	2	9	5	14	8	7	20	12	4	27	8	5	9	8	11	21	8	7
chr8	13	7	8	10	13	3	6	3	12	14	8	6	7	5	5	13	10	9	11	5	7	7	6	7	2	14	4	12	6	9	14	17	10	4	10	6	12	12	13	15	8	7	6	2	9	7	5	17	5	5	11	9	4	5	7	21	8	17	5	18	8	16	23	20
chr8	24	14	18	11	9	9	4	8	10	5	11	5	3	8	15	20	18	5	6	10	14	6	4	1	3	3	5	5	11	3	12	5	17	5	3	9	2	5	3	13	10	6	7	20	11	10	11	13	9	6	4	16	14	5	4	9	11	9	20	15	10	11	17	8
chr9	8	16	21	14	11	20	6	5	14	17	8	20	7	1	10	7	12	11	17	5	9	1	10	7	4	1	14	4	3	1	7	8	27	5	6	5	16	2	5	2	13	4	3	18	21	9	9	16	12	10	15	1	9	4	3	5	12	3	12	13	7	10	14	8
chr9	16	11	20	11	17	6	4	11	32	17	12	5	10	10	9	14	12	4	16	7	8	5	1	1	7	1	4	0	5	4	14	13	24	16	22	19	6	2	3	19	13	5	1	3	5	2	6	5	6	7	8	6	8	2	4	5	29	7	6	10	7	2	23	10
chr9	33	8	15	13	12	7	8	4	9	10	14	16	9	8	6	16	11	6	10	9	11	13	4	6	6	4	6	10	8	6	5	5	15	4	10	2	8	3	5	8	7	7	11	7	18	6	4	15	10	13	14	15	5	12	9	6	9	3	1	10	16	12	8	17
chr9	19	6	12	15	4	6	5	5	9	8	13	12	14	10	16	15	15	5	7	16	17	4	2	4	5	2	3	3	5	8	11	8	6	7	10	12	12	7	2	9	10	5	3	15	14	6	10	12	12	2	13	12	10	10	4	13	12	15	14	12	6	13	16	10
chr9	20	13	11	17	11	11	3	7	8	4	10	11	11	8	15	18	15	7	4	8	11	3	1	11	3	1	3	4	11	8	6	12	13	3	8	10	2	5	2	7	7	4	8	11	11	6	11	10	13	9	10	16	10	7	5	12	16	7	9	12	15	13	12	28
chr9	12	10	2	14	6	11	4	10	11	6	4	9	11	11	6	16	6	5	10	15	12	3	2	14	5	1	3	9	6	16	8	25	13	6	5	5	7	5	4	4	4	4	3	5	10	6	7	15	6	10	13	10	11	12	8	28	9	9	6	15	12	26	18	19
chr9	15	6	11	20	16	8	3	5	6	9	4	12	13	12	14	16	16	9	6	17	8	2	6	17	4	6	2	6	5	10	6	15	7	9	7	5	11	7	3	5	7	5	4	3	9	8	8	8	14	8	7	13	13	16	6	9	11	6	9	12	15	14	11	23
chr9	21	15	17	13	13	7	4	14	26	2	7	6	3	6	16	15	17	5	8	9	12	3	2	4	5	0	4	3	5	11	5	18	23	7	11	8	1	4	2	4	6	2	2	14	7	9	5	15	5	11	5	10	14	7	4	17	12	7	11	13	15	16	17	18
chr9	22	10	12	12	13	7	6	16	14	10	8	12	5	9	9	14	11	11	11	8	9	2	5	6	9	4	3	5	15	8	10	10	16	8	7	11	5	7	3	13	9	6	5	5	8	5	6	12	7	14	14	6	14	6	7	8	10	8	8	9	13	13	10	19
chr9	11	5	10	11	15	5	5	5	9	7	6	9	9	14	8	15	8	12	8	10	4	4	12	7	7	10	13	11	5	6	8	11	10	7	8	9	8	11	10	9	13	8	10	8	4	7	11	11	8	6	5	16	11	7	14	9	5	14	10	5	17	14	7	26
chr9	14	9	12	7	8	6	6	6	12	10	18	14	9	13	11	10	7	8	13	14	7	3	4	1	8	1	9	5	3	4	10	6	18	6	13	11	16	1	5	7	17	12	16	15	15	3	13	12	4	3	16	11	11	5	8	9	11	6	17	9	6	13	9	12
chr9	14	8	14	14	11	9	10	5	9	4	7	6	6	15	9	15	12	14	5	17	9	8	6	6	5	12	6	7	1	10	7	14	14	4	5	6	8	5	10	7	10	6	9	10	8	11	11	6	10	8	2	8	20	7	4	14	5	8	13	13	13	9	13	26
chr9	33	17	9	10	16	7	6	9	8	10	5	4	13	7	26	6	17	12	8	9	10	7	7	1	7	4	6	11	7	2	6	3	10	4	5	20	15	5	12	4	8	11	8	4	10	5	25	8	9	5	5	12	5	6	3	4	16	11	13	29	1	4	12	6
chr9	24	11	11	11	7	2	10	12	21	6	13	6	11	4	8	13	4	4	7	11	4	5	2	11	9	4	8	5	8	5	10	16	17	9	19	6	8	9	9	8	14	11	8	8	11	4	14	4	12	8	9	8	7	6	5	8	7	13	11	14	7	13	13	15
chr9	23	14	12	15	17	6	6	9	14	5	14	10	17	12	10	13	11	7	9	12	4	1	2	9	6	3	7	4	10	6	7	8	18	6	11	10	7	3	7	5	16	10	7	10	8	4	7	10	12	11	11	15	10	6	5	8	9	4	16	5	14	7	10	13
chr9	12	7	12	4	12	9	16	6	9	5	16	8	7	8	18	4	9	9	8	13	12	12	8	6	17	11	9	11	9	6	6	5	11	20	10	13	7	10	12	7	13	9	4	9	8	12	10	10	4	7	8	7	8	7	12	7	15	10	6	12	2	8	9	7
chr9	24	17	10	17	8	11	6	7	6	3	9	10	13	9	7	19	20	8	7	10	13	4	3	13	5	2	2	7	11	9	6	18	13	1	4	3	11	5	3	3	2	10	3	5	4	9	5	13	11	6	7	18	13	13	3	21	9	7	6	9	14	23	13	17
