Chromosome	A	C	G	T
chr1	151	106	162	181
chr1	163	104	156	177
chr1	195	96	115	194
chr1	178	121	142	159
chr1	166	142	93	199
chr1	124	203	117	156
chr1	165	185	139	111
chr1	153	178	122	147
chr1	163	140	131	166
chr1	173	137	125	165
chr1	158	121	137	184
chr1	197	82	156	165
chr1	173	116	102	209
chr1	205	94	135	166
chr1	161	146	107	186
chr1	194	132	99	175
chr1	172	194	116	118
chr1	188	122	134	156
chr1	186	117	113	184
chr1	148	176	77	199
chr1	176	153	102	169
chr10	139	170	101	190
chr10	164	160	128	148
chr10	175	129	121	175
chr10	208	107	130	155
chr10	150	124	116	210
chr10	162	134	125	179
chr10	127	164	114	195
chr10	178	115	130	177
chr10	182	135	86	197
chr10	227	66	194	113
chr10	236	109	105	150
chr10	264	97	94	145
chr10	138	95	191	176
chr10	164	139	145	152
chr10	179	118	126	177
chr10	155	124	161	160
chr10	138	169	159	134
chr10	202	108	115	175
chr10	149	164	111	176
chr10	134	89	228	149
chr10	185	99	104	212
chr10	116	133	165	186
chr10	181	140	100	179
chr10	187	119	99	195
chr10	187	105	158	150
chr10	227	93	125	155
chr10	154	136	121	189
chr10	171	154	114	161
chr10	190	132	134	144
chr10	179	121	150	150
chr10	211	86	173	130
chr10	176	117	130	177
chr11	183	96	106	215
chr11	140	148	174	138
chr11	158	160	154	128
chr11	193	121	124	162
chr11	183	126	115	176
chr11	170	158	134	138
chr11	160	165	141	134
chr11	173	113	101	213
chr11	151	115	146	188
chr11	139	167	116	178
chr11	137	135	169	159
chr11	197	118	120	165
chr11	172	135	118	175
chr11	204	93	165	138
chr11	171	143	152	134
chr11	171	136	129	164
chr11	202	108	113	177
chr11	192	141	117	150
chr11	179	136	115	170
chr11	201	99	137	163
chr12	184	181	64	171
chr12	191	116	101	192
chr12	174	110	118	198
chr12	134	142	134	190
chr12	134	142	127	197
chr12	181	132	97	190
chr12	140	149	139	172
chr12	205	123	113	159
chr12	157	156	103	184
chr12	174	122	91	213
chr12	198	103	114	185
chr12	162	112	135	191
chr12	156	176	101	167
chr12	142	134	127	197
chr12	161	141	143	155
chr12	177	150	147	126
chr12	179	111	101	209
chr12	208	122	116	154
chr12	133	155	198	114
chr12	179	119	140	162
chr12	191	94	92	223
chr12	193	120	109	178
chr12	170	154	157	119
chr12	151	171	103	175
chr12	176	161	116	147
chr12	182	173	102	143
chr12	192	137	113	158
chr12	200	111	130	159
chr12	144	140	118	198
chr12	164	105	127	204
chr12	220	100	85	195
chr12	95	174	139	192
chr12	189	122	129	160
chr12	207	92	113	188
chr12	139	91	212	158
chr12	143	119	188	150
chr12	164	110	130	196
chr12	152	155	129	164
chr12	115	161	130	194
chr12	165	132	150	153
chr12	203	141	114	142
chr12	189	90	137	184
chr12	197	112	117	174
chr12	221	107	107	165
chr12	168	113	179	140
chr12	202	95	146	157
chr12	209	90	114	187
chr12	199	126	105	170
chr12	221	85	125	169
chr12	134	144	150	172
chr12	164	183	134	119
chr12	125	172	146	157
chr12	159	129	128	184
chr12	157	135	135	173
chr12	199	124	106	171
chr13	184	160	145	111
chr13	144	119	116	221
chr13	171	108	122	199
chr13	236	105	93	166
chr13	211	87	105	197
chr13	184	102	117	197
chr13	144	139	106	211
chr13	181	125	141	153
chr13	133	125	205	137
chr13	206	123	115	156
chr13	186	113	154	147
chr13	184	123	131	162
chr13	153	123	147	177
chr13	193	161	139	107
chr13	239	91	158	112
chr13	151	118	148	183
chr13	135	144	136	185
chr13	165	108	145	182
chr13	174	124	105	197
chr13	169	129	89	213
chr13	138	164	170	128
chr13	196	139	91	174
chr13	186	104	105	205
chr13	163	114	132	191
chr13	151	126	121	202
chr13	179	126	142	153
chr13	196	139	129	136
chr13	193	94	105	208
chr13	161	165	124	150
chr13	136	144	122	198
chr13	200	94	120	186
chr13	177	98	115	210
chr13	163	135	150	152
chr14	207	82	117	194
chr14	160	162	88	190
chr14	195	170	100	135
chr14	171	149	136	144
chr14	198	112	127	163
chr14	223	94	143	140
chr14	185	116	82	217
chr14	190	106	108	196
chr14	189	131	120	160
chr14	173	208	115	104
chr14	199	141	111	149
chr14	191	114	146	149
chr14	151	113	170	166
chr14	202	139	114	145
chr14	171	138	153	138
chr14	184	135	135	146
chr14	161	108	163	168
chr14	170	99	132	199
chr14	157	132	139	172
chr14	196	119	122	163
chr14	173	142	145	140
chr14	146	143	141	170
chr14	174	106	140	180
chr14	181	129	108	182
chr14	222	137	97	144
chr14	144	116	154	186
chr14	171	129	112	188
chr14	173	177	99	151
chr14	181	97	149	173
chr14	174	122	121	183
chr14	192	113	127	168
chr14	141	134	133	192
chr14	176	112	127	185
chr14	184	147	133	136
chr14	179	126	120	175
chr14	179	73	177	171
chr14	174	126	103	197
chr14	183	133	97	187
chr14	173	118	128	181
chr14	187	127	115	171
chr14	158	43	229	170
chr15	196	149	61	194
chr15	170	152	106	172
chr15	200	152	110	138
chr15	184	138	118	160
chr15	210	93	106	191
chr15	167	125	118	190
chr15	165	131	102	202
chr15	171	114	122	193
chr15	161	109	134	196
chr15	190	64	206	140
chr15	184	107	114	195
chr15	165	98	140	197
chr15	153	127	111	209
chr15	165	150	116	169
chr15	162	134	111	193
chr15	200	110	106	184
chr15	198	81	186	135
chr15	191	166	114	129
chr15	153	131	129	187
chr15	180	117	111	192
chr15	142	152	121	185
chr15	191	113	121	175
chr15	160	164	170	106
chr15	170	167	125	138
chr15	187	116	121	176
chr15	183	108	103	206
chr15	178	106	111	205
chr15	167	118	109	206
chr15	169	126	152	153
chr15	179	112	99	210
chr15	165	229	99	107
chr15	156	128	110	206
chr15	196	157	122	125
chr15	226	133	117	124
chr15	195	151	86	168
chr15	176	128	138	158
chr15	200	144	125	131
chr15	163	150	109	178
chr15	207	114	153	126
chr15	126	154	156	164
chr15	149	162	132	157
chr15	174	97	122	207
chr15	194	90	120	196
chr15	200	96	103	201
chr15	160	160	125	155
chr15	154	140	137	169
chr15	185	149	116	150
chr15	153	120	126	201
chr15	193	110	142	155
chr15	219	108	102	171
chr15	190	108	146	156
chr15	212	87	124	177
chr15	176	121	109	194
chr15	175	48	205	172
chr16	192	114	113	181
chr16	238	106	103	153
chr16	177	126	90	207
chr16	146	164	107	183
chr16	159	97	112	232
chr16	203	122	122	153
chr16	163	114	135	188
chr16	175	97	112	216
chr16	146	98	150	206
chr16	180	107	138	175
chr16	207	127	125	141
chr16	213	121	127	139
chr16	161	77	169	193
chr16	156	148	117	179
chr16	182	125	125	168
chr16	147	150	157	146
chr16	218	113	108	161
chr16	174	114	160	152
chr16	157	177	124	142
chr16	187	123	126	164
chr16	191	119	104	186
chr16	182	113	118	187
chr16	202	115	120	163
chr16	207	110	149	134
chr16	150	134	155	161
chr16	185	124	91	200
chr16	184	153	98	165
chr16	144	131	146	179
chr16	192	112	122	174
chr16	217	105	118	160
chr16	164	107	113	216
chr16	157	170	117	156
chr16	169	107	156	168
chr16	144	103	107	246
chr16	107	151	162	180
chr16	149	135	116	200
chr16	208	102	104	186
chr2	154	160	96	190
chr2	112	101	191	196
chr2	167	117	99	217
chr2	167	123	119	191
chr2	173	119	126	182
chr2	185	122	88	205
chr2	165	102	125	208
chr2	181	116	157	146
chr2	194	131	129	146
chr2	197	110	125	168
chr2	202	103	135	160
chr2	152	126	147	175
chr2	169	122	149	160
chr2	139	148	100	213
chr2	186	143	136	135
chr2	212	118	124	146
chr2	170	147	145	138
chr2	193	82	118	207
chr2	179	97	104	220
chr2	201	104	114	181
chr2	163	134	131	172
chr2	162	119	131	188
chr2	170	122	120	188
chr2	115	103	164	218
chr2	169	140	133	158
chr2	166	142	137	155
chr2	175	132	143	150
chr2	190	92	135	183
chr2	208	103	113	176
chr2	209	115	117	159
chr2	147	130	117	206
chr2	193	113	99	195
chr2	173	144	100	183
chr2	159	129	145	167
chr2	204	116	129	151
chr2	199	129	102	170
chr2	173	138	148	141
chr2	204	135	108	153
chr2	193	115	105	187
chr2	184	142	104	170
chr2	195	92	129	184
chr3	197	104	129	170
chr3	204	118	110	168
chr3	176	143	131	150
chr3	229	115	115	141
chr3	220	114	135	131
chr3	192	132	107	169
chr3	168	119	137	176
chr3	198	102	91	209
chr3	160	128	131	181
chr3	167	139	126	168
chr3	166	143	113	178
chr3	198	110	133	159
chr3	213	99	114	174
chr3	190	109	95	206
chr3	178	120	140	162
chr3	144	118	131	207
chr3	137	138	117	208
chr3	163	127	106	204
chr3	164	116	93	227
chr3	164	135	109	192
chr3	200	126	100	174
chr3	235	97	122	146
chr3	207	111	111	171
chr3	200	136	114	150
chr3	182	90	105	223
chr3	201	128	64	207
chr3	164	133	104	199
chr3	122	160	146	172
chr3	195	156	128	121
chr3	189	142	110	159
chr3	196	121	110	173
chr3	183	120	100	197
chr3	182	128	93	197
chr3	189	117	100	194
chr3	185	139	97	179
chr4	175	123	109	193
chr4	176	153	125	146
chr4	169	120	151	160
chr4	166	142	105	187
chr4	179	148	105	168
chr4	185	104	124	187
chr4	196	109	117	178
chr4	173	136	139	152
chr4	138	146	144	172
chr4	170	145	132	153
chr4	144	123	127	206
chr4	166	110	128	196
chr4	161	90	205	144
chr4	229	90	126	155
chr4	147	130	151	172
chr4	131	125	155	189
chr4	180	127	123	170
chr4	173	118	127	182
chr4	189	104	137	170
chr4	147	139	131	183
chr4	142	116	122	220
chr4	160	132	96	212
chr4	181	114	132	173
chr4	185	123	121	171
chr4	164	153	163	120
chr4	172	108	144	176
chr4	179	90	132	199
chr4	234	104	100	162
chr4	207	140	104	149
chr4	159	129	126	186
chr4	176	107	130	187
chr4	204	116	94	186
chr4	127	124	159	190
chr4	206	96	119	179
chr4	170	117	125	188
chr4	170	107	142	181
chr4	218	91	111	180
chr4	137	148	114	201
chr4	175	127	105	193
chr4	236	100	105	159
chr4	194	98	82	226
chr4	183	120	92	205
chr4	188	118	109	185
chr4	199	89	125	187
chr4	136	124	131	209
chr4	164	130	111	195
chr4	171	115	133	181
chr4	215	138	115	132
chr4	187	122	85	206
chr4	177	123	92	208
chr4	156	139	84	221
chr4	159	123	119	199
chr4	133	146	85	236
chr4	157	108	155	180
chr4	203	122	90	185
chr4	212	111	128	149
chr4	174	111	131	184
chr4	225	140	110	125
chr4	176	150	111	163
chr4	139	186	73	202
chr4	174	134	121	171
chr4	197	121	120	162
chr4	195	107	142	156
chr4	156	177	121	146
chr4	159	141	124	176
chr4	150	128	145	177
chr5	174	167	90	169
chr5	135	98	162	205
chr5	118	139	150	193
chr5	173	119	111	197
chr5	156	145	145	154
chr5	176	156	125	143
chr5	148	155	124	173
chr5	171	129	154	146
chr5	141	118	150	191
chr5	140	158	157	145
chr5	141	148	165	146
chr5	248	90	128	134
chr5	137	105	126	232
chr5	186	122	100	192
chr5	164	116	146	174
chr5	215	108	123	154
chr5	185	129	107	179
chr5	154	136	121	189
chr5	198	107	93	202
chr5	214	112	106	168
chr5	187	117	100	196
chr5	123	134	175	168
chr5	172	109	97	222
chr5	140	130	151	179
chr5	125	175	147	153
chr5	153	136	129	182
chr5	197	105	122	176
chr5	130	154	90	226
chr5	161	152	101	186
chr5	157	140	98	205
chr5	202	158	93	147
chr5	167	135	110	188
chr5	177	107	160	156
chr6	111	128	164	197
chr6	190	121	104	185
chr6	168	152	101	179
chr6	189	75	135	201
chr6	201	111	158	130
chr6	142	126	154	178
chr6	191	94	128	187
chr6	156	124	101	219
chr6	161	117	84	238
chr6	214	144	88	154
chr6	150	114	152	184
chr6	135	161	146	158
chr6	198	125	135	142
chr6	167	156	114	163
chr6	179	112	128	181
chr6	190	129	130	151
chr6	166	117	143	174
chr7	174	121	139	166
chr7	172	107	117	204
chr7	164	136	124	176
chr7	185	147	117	151
chr7	167	120	92	221
chr7	163	116	129	192
chr7	190	118	140	152
chr7	172	104	115	209
chr7	118	177	174	131
chr7	175	146	132	147
chr7	176	123	146	155
chr7	137	154	161	148
chr7	170	141	93	196
chr7	199	107	115	179
chr7	190	121	103	186
chr7	117	178	126	179
chr7	179	152	111	158
chr7	140	121	121	218
chr7	163	131	107	199
chr7	192	130	127	151
chr7	189	129	129	153
chr7	203	135	107	155
chr7	122	149	150	179
chr7	174	134	133	159
chr7	184	133	131	152
chr7	130	149	174	147
chr7	157	112	119	212
chr7	201	145	104	150
chr7	194	105	126	175
chr7	214	107	112	167
chr7	213	138	99	150
chr7	171	112	146	171
chr7	166	138	132	164
chr7	156	127	123	194
chr7	199	159	103	139
chr7	239	115	133	113
chr7	232	105	116	147
chr7	161	134	115	190
chr7	168	127	145	160
chr7	134	144	155	167
chr7	213	92	117	178
chr7	201	102	130	167
chr8	116	132	159	193
chr8	189	178	52	181
chr8	125	129	142	204
chr8	131	124	125	220
chr8	154	129	106	211
chr8	136	112	152	200
chr8	190	119	108	183
chr8	141	146	150	163
chr8	132	161	166	141
chr8	174	156	137	133
chr8	179	113	140	168
chr8	146	157	119	178
chr8	172	162	108	158
chr8	182	160	115	143
chr8	132	140	145	183
chr8	175	111	144	170
chr9	191	109	164	136
chr9	187	110	138	165
chr9	187	125	130	158
chr9	144	160	158	138
chr9	146	125	128	201
chr9	180	106	117	197
chr9	172	128	98	202
chr9	139	127	156	178
chr9	153	78	173	196
chr9	190	96	172	142
chr9	140	136	96	228
chr9	157	135	103	205
chr9	142	135	154	169
chr9	156	138	138	168
chr9	173	112	161	154
chr9	175	111	159	155
chr9	183	116	148	153
chr9	152	127	170	151
chr9	122	120	161	197
chr9	172	140	124	164
chr9	165	143	118	174
chr9	145	82	191	182
chr9	171	113	145	171
chr9	165	140	102	193
chr9	179	121	115	185
