Chromosome	AA	AC	AG	AT	CA	CC	CG	CT	GA	GC	GG	GT	TA	TC	TG	TT
chr1	40	34	45	31	40	18	21	27	33	25	33	71	38	28	63	52
chr1	45	36	40	41	39	23	19	23	34	15	39	68	45	29	58	45
chr1	65	23	41	65	36	24	11	25	40	24	20	31	54	25	42	73
chr1	44	35	48	51	46	25	16	33	43	26	37	36	44	35	41	39
chr1	52	31	29	53	49	26	19	48	21	27	13	32	43	58	32	66
chr1	17	45	19	43	67	61	30	45	16	44	24	33	24	53	43	35
chr1	35	57	43	30	56	52	42	35	50	43	24	22	24	33	29	24
chr1	49	50	23	31	56	47	31	44	28	30	27	36	19	51	41	36
chr1	51	36	38	38	40	37	23	39	38	28	24	41	34	39	45	48
chr1	47	43	34	48	43	37	19	38	38	22	31	34	44	35	41	45
chr1	43	29	36	50	36	27	21	37	44	25	32	36	35	40	48	60
chr1	57	29	58	52	25	10	16	31	65	18	34	39	49	25	48	43
chr1	53	23	38	59	44	17	13	42	23	30	16	33	53	46	34	75
chr1	71	30	44	60	41	11	16	26	50	30	28	26	43	22	47	54
chr1	51	23	32	55	49	36	23	38	32	21	21	32	28	66	31	61
chr1	68	46	33	46	48	23	18	43	29	21	15	34	48	42	33	52
chr1	57	52	30	33	59	56	37	42	37	37	21	21	18	49	28	22
chr1	68	41	29	49	46	27	21	28	38	25	42	29	36	29	42	49
chr1	61	30	36	59	44	19	14	40	33	28	27	25	48	39	36	60
chr1	41	48	20	39	59	37	13	67	22	10	12	32	25	81	32	61
chr1	61	59	25	31	56	29	18	50	23	28	13	38	36	37	45	50
chr10	30	38	29	42	50	46	17	56	23	33	12	33	36	53	43	58
chr10	53	35	37	39	51	45	28	36	26	38	25	38	34	42	37	35
chr10	49	39	45	42	55	18	24	32	35	33	21	31	35	39	31	70
chr10	70	39	42	56	36	22	22	27	47	26	28	29	54	20	38	43
chr10	50	26	26	48	30	21	20	53	25	25	28	38	45	51	42	71
chr10	50	31	36	45	37	33	20	44	44	26	28	26	31	44	41	63
chr10	36	27	19	45	41	39	32	52	16	43	19	36	34	55	44	61
chr10	73	26	34	45	29	17	29	40	39	24	35	31	37	48	32	60
chr10	62	34	28	58	39	36	17	42	23	24	10	29	58	41	30	68
chr10	76	28	78	45	19	12	23	12	100	13	52	29	32	12	41	27
chr10	85	51	41	59	56	13	9	31	44	16	21	24	51	29	34	35
chr10	123	40	38	63	48	15	15	18	51	8	14	21	42	34	26	43
chr10	36	20	59	23	27	14	22	32	47	35	46	63	28	25	64	58
chr10	39	39	45	40	50	26	23	40	38	40	39	28	37	34	37	44
chr10	69	28	31	51	37	18	19	44	29	29	36	32	44	42	40	50
chr10	44	28	38	45	40	28	20	35	44	34	52	31	27	34	50	49
chr10	30	47	32	29	48	43	42	36	37	51	39	32	23	28	45	37
chr10	72	40	35	54	26	24	22	36	36	26	24	29	67	18	34	56
chr10	31	39	32	47	55	40	24	45	24	34	15	38	39	50	40	46
chr10	20	28	61	25	32	10	13	34	57	33	80	58	25	18	73	32
chr10	61	25	33	65	36	17	11	35	32	23	23	26	56	34	37	85
chr10	20	22	35	39	35	26	28	44	33	40	48	44	28	45	54	58
chr10	66	39	28	48	50	34	18	38	30	20	22	28	35	47	32	64
chr10	61	30	31	64	38	26	18	37	31	21	18	29	56	42	32	65
chr10	51	31	60	45	31	25	19	29	62	24	41	31	43	25	38	44
chr10	98	34	45	49	32	16	20	25	51	18	26	30	45	25	34	51
chr10	43	34	35	42	36	39	21	40	32	33	19	37	42	30	46	70
chr10	48	39	34	49	40	41	29	44	27	39	21	27	55	35	30	41
chr10	72	37	41	39	39	26	26	41	44	35	27	28	34	34	40	36
chr10	56	30	49	43	49	18	17	37	35	41	39	35	39	32	45	34
chr10	67	31	82	30	35	11	11	29	78	18	38	39	30	26	42	32
chr10	50	31	47	47	37	21	24	35	38	28	24	40	51	37	34	55
chr11	50	28	28	77	32	13	17	33	41	18	24	23	60	37	37	81
chr11	36	31	33	40	40	36	48	23	41	42	48	43	22	39	45	32
chr11	46	40	35	37	45	39	39	36	37	41	44	32	30	39	36	23
chr11	66	39	42	45	49	20	15	37	31	21	35	37	47	41	31	43
chr11	65	38	37	43	39	31	17	39	40	28	20	27	39	29	40	67
chr11	56	39	32	42	51	42	32	33	27	50	35	22	36	26	35	41
chr11	51	36	32	41	44	42	40	39	25	56	38	22	40	31	30	32
chr11	53	25	26	69	34	23	19	36	31	26	19	25	55	39	36	83
chr11	39	26	40	46	32	27	25	30	38	28	37	43	42	34	44	68
chr11	39	41	28	31	50	43	23	51	17	40	29	29	33	42	36	67
chr11	33	31	41	32	37	30	36	32	37	35	42	55	29	39	50	40
chr11	67	36	32	62	46	23	24	25	31	28	26	34	52	31	38	44
chr11	58	34	28	51	44	26	22	43	27	33	18	40	42	42	50	41
chr11	64	27	61	52	35	18	18	22	67	30	36	31	38	18	49	33
chr11	66	36	43	26	37	41	35	29	43	42	36	31	25	24	38	47
chr11	51	34	47	38	39	31	27	39	44	30	19	36	36	41	36	51
chr11	78	29	37	57	40	22	19	27	42	20	14	37	42	36	43	56
chr11	66	52	30	44	44	30	34	33	49	26	21	21	33	33	31	52
chr11	57	41	41	39	49	25	18	44	27	29	18	41	45	41	38	46
chr11	75	31	40	54	40	16	14	29	57	22	31	27	29	30	51	53
chr12	61	68	16	38	57	53	14	57	14	20	7	23	52	40	26	53
chr12	63	30	32	66	40	23	16	37	25	28	23	24	63	35	29	65
chr12	48	32	41	53	44	17	16	33	36	18	22	42	45	43	39	70
chr12	33	28	29	44	42	40	15	44	30	37	33	34	29	37	56	68
chr12	41	25	30	38	31	31	29	50	33	32	30	32	29	54	37	77
chr12	60	35	33	53	45	37	11	39	26	24	20	27	50	36	33	70
chr12	38	25	39	38	45	34	20	50	30	44	33	32	26	46	47	52
chr12	69	35	44	57	42	28	23	30	35	26	17	34	58	34	29	38
chr12	48	34	27	48	40	48	30	38	29	27	15	32	39	47	31	66
chr12	59	26	35	53	37	18	20	47	25	19	17	30	52	59	19	83
chr12	71	31	36	60	38	21	16	28	35	19	21	38	54	32	40	59
chr12	48	28	37	49	40	23	18	30	30	34	35	36	44	26	45	76
chr12	46	27	34	48	57	43	30	46	19	35	13	34	33	71	24	39
chr12	34	23	30	55	38	33	14	49	29	24	36	38	40	54	47	55
chr12	49	35	41	36	37	35	29	40	38	36	29	40	36	35	44	39
chr12	51	45	46	34	56	35	32	27	37	45	34	31	32	25	35	34
chr12	66	27	30	56	30	24	16	41	30	21	23	27	53	39	31	85
chr12	63	46	45	54	53	28	13	28	46	21	26	23	45	27	32	49
chr12	23	35	51	24	33	33	59	29	52	67	45	34	25	20	43	26
chr12	52	43	32	52	41	16	28	34	43	23	44	29	43	37	36	46
chr12	76	20	29	65	34	18	11	31	30	21	17	24	51	35	34	103
chr12	66	28	36	62	47	21	19	33	32	30	19	28	48	41	34	55
chr12	51	39	50	30	43	42	35	34	51	41	36	28	24	32	36	27
chr12	45	41	28	37	44	45	31	51	26	32	21	24	35	53	23	63
chr12	69	42	33	31	47	39	24	51	31	36	23	26	29	44	36	38
chr12	54	43	31	53	67	55	24	27	41	25	13	23	19	50	34	40
chr12	67	47	35	42	51	34	12	40	36	24	27	26	38	32	39	49
chr12	73	36	38	52	44	17	19	31	44	20	32	34	39	38	41	41
chr12	44	36	26	38	39	36	21	44	27	29	20	42	34	39	50	74
chr12	50	27	39	48	30	15	18	41	39	22	29	37	44	41	41	78
chr12	82	36	28	74	39	18	15	28	30	15	15	24	68	31	27	69
chr12	19	32	22	22	31	33	53	57	23	54	29	32	22	55	34	81
chr12	76	31	31	51	30	33	30	28	42	31	32	24	40	27	36	57
chr12	66	24	33	83	34	16	21	21	46	14	21	32	60	38	38	52
chr12	29	24	55	31	24	16	21	30	55	30	76	51	31	21	60	45
chr12	30	29	44	39	31	27	23	38	51	43	67	27	31	20	53	46
chr12	45	19	44	56	30	21	25	33	42	30	25	33	47	40	36	73
chr12	34	45	26	47	42	38	37	37	38	40	25	26	38	32	40	54
chr12	24	27	21	43	39	42	30	49	20	44	21	45	31	48	58	57
chr12	51	37	39	37	37	25	40	30	40	39	37	34	36	31	34	52
chr12	73	45	40	45	57	33	12	39	40	25	26	23	32	38	36	35
chr12	66	28	40	54	24	18	19	29	55	15	30	37	43	29	48	64
chr12	73	26	39	59	38	24	17	33	42	24	21	29	44	38	40	52
chr12	85	36	43	57	42	21	14	30	52	21	14	20	41	29	36	58
chr12	63	27	46	32	33	20	27	33	49	40	55	34	22	26	51	41
chr12	72	29	56	45	30	21	14	30	55	24	32	35	45	21	44	46
chr12	78	33	38	59	25	24	11	30	49	14	27	24	56	19	38	74
chr12	69	40	36	54	46	31	20	29	36	23	19	26	48	32	29	61
chr12	85	34	42	59	29	15	14	27	48	15	32	30	58	21	37	53
chr12	48	29	29	27	31	32	33	48	31	44	27	48	24	39	61	48
chr12	49	55	32	28	59	51	40	33	28	51	27	27	27	26	35	31
chr12	30	31	36	28	38	51	42	41	32	38	33	43	25	52	34	45
chr12	59	20	31	49	36	34	20	39	27	36	27	37	37	39	49	59
chr12	57	32	25	43	38	28	20	48	27	38	32	38	35	37	57	44
chr12	75	37	32	55	38	31	19	36	35	24	17	30	51	31	38	50
chr13	51	48	53	31	69	33	28	30	43	40	39	23	21	39	24	27
chr13	48	23	28	45	28	25	27	39	19	35	26	35	49	36	35	101
chr13	58	28	33	52	38	29	13	28	34	23	29	36	40	28	47	83
chr13	95	40	31	69	44	19	13	29	38	15	18	22	59	30	31	46
chr13	88	30	19	73	30	14	18	25	28	16	26	35	65	27	41	64
chr13	65	28	26	65	38	24	16	24	42	15	23	37	38	35	52	71
chr13	41	27	27	49	42	32	15	50	24	27	23	32	37	53	40	80
chr13	59	37	41	44	42	29	23	30	46	31	28	36	34	28	48	43
chr13	42	27	33	30	38	27	22	38	24	44	89	48	29	26	61	21
chr13	89	33	31	52	37	26	28	32	36	35	18	26	44	29	38	45
chr13	68	29	48	40	30	22	32	29	45	40	40	29	42	22	34	49
chr13	66	36	33	49	36	27	34	26	37	27	31	36	45	32	33	51
chr13	42	33	34	44	29	28	34	32	39	30	36	41	42	32	43	60
chr13	60	53	43	37	53	34	42	32	52	38	31	18	28	36	23	19
chr13	101	25	71	42	33	18	19	21	69	30	38	21	36	18	30	27
chr13	50	25	39	37	28	43	22	24	38	30	30	50	35	19	57	72
chr13	49	25	27	33	38	56	17	33	24	38	28	46	23	25	64	73
chr13	64	25	38	37	30	26	16	36	38	34	28	45	33	23	62	64
chr13	52	23	38	60	44	31	17	32	32	16	26	31	46	53	24	74
chr13	49	30	29	61	44	25	12	47	33	17	11	28	43	57	37	76
chr13	28	48	30	32	47	30	55	32	32	58	42	38	31	28	43	25
chr13	66	34	44	51	43	33	16	47	37	19	11	24	50	53	20	51
chr13	64	33	36	53	32	16	17	38	30	19	22	34	60	36	30	79
chr13	63	25	35	40	31	21	31	31	30	29	35	38	39	39	31	81
chr13	44	27	35	44	42	26	14	44	31	21	28	41	34	52	43	73
chr13	66	30	40	42	36	29	32	29	39	42	27	34	37	25	43	48
chr13	60	47	46	43	52	30	27	30	41	35	23	29	43	26	33	34
chr13	70	26	39	57	35	15	12	32	42	16	16	31	46	36	38	88
chr13	45	47	25	44	47	44	33	41	34	32	39	19	34	42	27	46
chr13	43	28	21	44	41	31	31	41	23	35	33	31	29	50	37	81
chr13	80	28	36	56	30	17	14	32	37	14	26	43	53	35	44	54
chr13	60	29	26	62	30	18	15	35	37	21	26	30	50	30	47	83
chr13	45	29	42	46	36	39	26	34	55	32	36	27	27	35	46	44
chr14	73	28	41	65	31	13	17	21	39	20	21	37	64	21	38	70
chr14	36	46	31	46	51	27	17	67	23	27	11	27	50	62	29	49
chr14	54	54	36	50	68	36	28	38	29	34	17	20	44	45	19	27
chr14	54	31	32	54	45	41	35	28	34	41	32	28	38	36	36	34
chr14	63	43	38	53	47	23	16	26	46	23	31	27	41	23	42	57
chr14	89	29	51	54	39	17	17	20	60	21	36	26	35	27	39	39
chr14	61	31	24	68	40	25	14	37	26	14	11	31	58	46	32	81
chr14	63	32	31	64	38	23	15	30	39	15	22	32	50	35	40	70
chr14	64	38	35	51	45	23	26	37	41	31	24	24	39	39	35	47
chr14	47	51	35	40	77	71	26	33	17	48	32	18	32	37	22	13
chr14	80	53	30	35	54	32	27	28	31	32	21	27	34	24	32	59
chr14	58	38	44	50	43	15	28	28	52	30	36	28	38	31	38	42
chr14	45	26	31	48	21	17	44	31	51	34	49	36	34	36	45	51
chr14	65	47	37	53	48	39	26	26	39	19	27	29	50	33	24	37
chr14	45	46	43	36	42	30	33	33	48	33	36	36	35	29	41	33
chr14	58	35	45	46	45	30	23	36	48	29	36	22	33	41	30	42
chr14	48	25	48	40	30	19	31	27	48	35	43	37	35	29	41	63
chr14	54	33	31	52	34	11	19	34	27	19	40	46	55	35	42	67
chr14	39	24	40	54	31	39	30	31	35	37	36	31	51	32	33	56
chr14	58	40	42	55	39	20	27	33	44	25	22	31	54	34	31	44
chr14	44	38	47	44	45	36	24	37	46	32	29	37	38	36	44	22
chr14	35	44	25	42	43	32	22	46	34	31	39	37	34	36	54	45
chr14	50	37	37	50	37	19	13	37	46	21	36	36	41	29	53	57
chr14	52	34	36	59	48	28	17	36	32	24	20	32	48	43	35	55
chr14	84	44	34	59	64	30	15	28	36	26	15	20	38	36	33	37
chr14	34	24	37	49	31	20	26	39	35	41	40	38	44	30	51	60
chr14	53	31	26	60	55	29	17	28	23	15	26	48	40	53	43	52
chr14	58	46	30	38	57	45	26	49	29	29	15	26	28	57	28	38
chr14	51	31	39	60	34	20	14	28	47	18	43	41	48	28	53	44
chr14	56	31	30	57	40	23	23	36	32	33	25	31	46	35	43	58
chr14	86	29	29	47	29	28	28	28	34	31	38	24	43	25	32	68
chr14	39	22	36	44	30	29	26	48	36	30	25	42	35	53	46	58
chr14	51	26	34	64	41	27	13	31	37	26	26	38	46	33	54	52
chr14	60	43	38	43	52	41	27	27	34	32	28	39	38	31	39	27
chr14	63	33	41	42	35	29	21	41	31	22	28	38	50	42	29	54
chr14	59	20	55	44	18	8	20	27	70	16	37	54	32	29	65	45
chr14	51	49	23	51	47	25	14	40	25	21	19	37	50	31	47	69
chr14	57	40	31	55	49	33	12	38	30	24	16	27	47	36	38	66
chr14	59	33	40	41	45	25	13	34	33	29	31	35	36	30	44	71
chr14	60	37	34	56	46	18	29	34	42	27	22	24	39	44	30	57
chr14	31	12	60	55	19	7	13	4	45	16	89	79	63	8	67	31
chr15	48	55	11	82	59	37	15	38	10	20	10	21	79	36	25	53
chr15	56	33	30	51	45	37	21	49	33	34	17	22	36	48	38	49
chr15	61	48	35	55	55	43	24	30	39	34	14	23	45	27	36	30
chr15	54	37	50	42	50	28	23	37	37	34	13	34	42	39	32	47
chr15	69	30	35	76	41	12	13	27	29	21	15	41	71	30	43	46
chr15	53	36	30	47	36	32	19	38	34	24	21	39	43	33	48	66
chr15	54	36	29	45	38	25	16	52	23	21	21	37	49	49	36	68
chr15	50	31	31	58	36	20	17	41	27	23	36	36	58	40	38	57
chr15	53	29	28	51	24	22	28	35	38	19	33	44	46	39	44	66
chr15	45	26	95	24	22	7	12	23	76	11	57	62	47	20	42	30
chr15	69	37	28	50	36	22	17	32	38	13	24	39	40	35	45	74
chr15	61	28	31	45	26	17	23	32	40	26	35	39	38	26	51	81
chr15	38	26	26	63	37	29	26	35	38	25	11	36	40	47	47	75
chr15	57	34	30	44	44	43	25	38	22	26	28	40	42	47	33	46
chr15	38	35	35	53	44	27	20	43	31	29	18	33	49	42	38	64
chr15	66	41	32	61	46	20	19	24	43	23	19	21	45	26	36	77
chr15	47	25	68	57	25	17	26	13	95	23	37	31	31	16	54	34
chr15	56	44	42	48	71	39	20	36	27	41	26	20	37	42	25	25
chr15	53	30	31	39	36	36	27	32	32	27	40	30	32	38	31	85
chr15	55	37	26	62	36	24	21	36	38	17	25	31	51	39	39	62
chr15	37	35	28	42	31	31	43	47	33	38	18	32	41	47	32	64
chr15	67	31	33	59	35	28	15	35	46	20	26	29	42	34	47	52
chr15	41	54	42	23	42	37	62	23	56	44	35	35	21	29	30	25
chr15	44	49	33	44	52	43	38	34	41	37	24	23	32	38	30	37
chr15	53	29	43	62	34	34	14	34	39	23	33	25	61	30	31	54
chr15	58	25	35	64	39	24	12	33	35	13	17	38	51	46	39	70
chr15	60	29	30	58	43	16	17	30	30	19	24	38	45	42	40	78
chr15	57	22	34	54	42	20	15	41	26	24	20	39	41	52	40	72
chr15	64	29	35	40	34	25	33	34	29	38	36	49	42	34	47	30
chr15	60	24	25	69	41	26	10	35	28	23	27	21	49	39	37	85
chr15	43	58	35	28	81	82	21	45	22	41	20	16	19	47	23	18
chr15	44	31	29	52	35	28	19	46	33	29	22	25	44	39	40	83
chr15	66	41	40	49	59	49	19	30	26	38	32	26	45	28	31	20
chr15	81	50	46	49	58	38	18	19	43	22	21	30	44	22	32	26
chr15	57	49	29	60	61	41	10	39	28	19	15	24	49	42	31	45
chr15	60	50	33	33	47	21	27	33	41	25	38	34	28	32	40	57
chr15	61	48	47	44	58	29	27	30	38	29	27	31	43	38	24	25
chr15	53	39	19	52	48	39	23	39	19	30	29	31	43	41	38	56
chr15	87	40	43	37	34	23	38	19	45	33	43	32	41	17	29	38
chr15	24	35	27	40	42	33	44	35	26	46	35	48	34	39	50	41
chr15	39	39	32	39	46	46	36	33	38	31	25	38	26	46	39	46
chr15	53	29	28	64	28	12	19	38	32	24	24	41	60	32	51	64
chr15	79	19	34	62	24	16	24	26	36	21	22	41	55	34	40	66
chr15	74	30	30	65	28	19	18	31	40	15	18	30	58	32	37	74
chr15	52	42	24	42	48	49	30	32	27	32	32	34	33	36	39	47
chr15	43	23	35	53	36	40	24	39	37	41	33	26	37	36	45	51
chr15	64	41	36	43	48	37	27	37	37	27	20	32	36	43	33	38
chr15	35	36	34	47	43	22	16	39	32	22	31	41	43	40	45	73
chr15	73	35	47	38	52	21	17	20	30	26	35	50	38	28	43	46
chr15	106	33	33	47	40	18	19	31	29	25	18	30	44	32	32	62
chr15	59	35	48	48	45	16	15	32	54	32	34	26	32	25	49	49
chr15	72	29	41	70	40	7	20	20	46	23	20	35	53	28	43	52
chr15	64	25	41	46	36	32	16	37	39	21	13	35	36	43	39	76
chr15	37	19	54	65	19	8	16	5	47	16	67	74	72	5	68	27
chr16	74	29	37	52	39	18	16	41	38	25	29	21	41	42	31	66
chr16	112	31	32	63	45	27	18	16	29	21	20	33	51	27	33	41
chr16	52	36	21	68	43	21	23	38	31	24	6	29	50	45	40	72
chr16	45	26	31	44	44	46	26	48	25	34	18	30	32	58	31	61
chr16	48	24	33	54	28	17	18	34	34	21	18	39	48	35	43	105
chr16	78	34	45	46	46	19	18	39	49	27	25	20	30	42	33	48
chr16	46	24	43	50	46	16	13	39	28	39	25	42	43	35	53	57
chr16	51	24	37	63	41	19	12	25	28	24	23	36	54	30	40	92
chr16	34	24	33	55	32	22	16	27	45	25	39	41	35	27	62	82
chr16	57	31	40	52	41	23	18	24	45	22	32	39	37	30	48	60
chr16	64	52	46	44	39	30	27	31	60	14	27	24	44	31	25	41
chr16	82	50	37	44	50	18	29	24	39	32	26	29	42	21	35	41
chr16	38	22	60	41	24	10	17	26	36	20	34	79	63	24	58	47
chr16	50	32	34	40	42	41	24	40	32	33	22	30	32	42	37	68
chr16	59	33	34	56	46	25	18	36	34	33	27	31	42	34	46	45
chr16	49	32	39	27	42	35	41	32	31	46	41	39	24	37	36	48
chr16	76	45	37	60	59	25	7	21	38	16	25	29	44	27	39	51
chr16	67	27	49	31	31	17	39	27	45	39	42	33	30	31	30	61
chr16	53	39	29	35	42	56	38	41	29	47	20	28	33	35	36	38
chr16	58	39	37	53	46	31	11	35	42	24	34	26	40	29	44	50
chr16	66	39	31	55	37	24	22	36	33	28	19	23	54	28	32	72
chr16	72	28	37	44	38	30	18	27	30	24	34	30	41	31	29	86
chr16	82	34	39	47	37	24	17	36	35	27	31	27	47	30	33	53
chr16	70	40	45	51	35	22	27	26	52	32	36	29	49	16	41	28
chr16	48	32	36	33	31	26	35	42	36	43	43	33	35	32	41	53
chr16	61	43	21	60	49	24	15	36	22	22	19	28	52	35	36	76
chr16	61	43	36	44	55	40	24	34	28	26	22	22	40	44	16	64
chr16	35	32	37	40	42	20	27	42	29	41	28	48	38	38	53	49
chr16	72	31	46	42	33	16	26	37	41	33	17	31	45	32	33	64
chr16	74	33	51	59	43	22	14	26	44	24	28	22	55	26	25	53
chr16	49	28	26	61	35	21	16	35	28	21	27	36	52	37	43	84
chr16	45	44	24	44	44	49	30	47	23	35	25	34	45	42	38	30
chr16	54	25	41	49	29	25	16	36	56	28	41	31	29	29	58	52
chr16	35	21	20	68	34	12	16	41	24	14	18	51	51	56	53	85
chr16	22	26	22	36	35	30	37	49	29	50	42	41	20	45	61	54
chr16	45	27	27	50	38	34	21	41	29	39	13	35	37	35	55	73
chr16	82	35	28	63	39	20	15	27	32	19	19	34	55	28	42	61
chr2	44	29	32	49	45	44	18	53	28	26	15	27	37	60	31	61
chr2	5	25	62	19	30	13	16	42	21	38	45	87	55	25	68	48
chr2	63	20	35	49	32	20	18	47	23	31	13	32	49	46	33	88
chr2	48	26	36	57	37	26	17	43	33	28	28	30	49	43	38	60
chr2	59	27	38	49	44	27	15	33	30	30	27	38	40	35	46	61
chr2	46	34	25	80	49	22	13	37	26	19	13	30	63	47	37	58
chr2	51	24	39	51	30	17	13	41	42	17	25	41	41	44	48	75
chr2	54	30	46	51	43	26	23	23	51	36	43	27	32	24	45	45
chr2	60	45	33	55	49	30	23	29	45	25	37	22	40	31	36	39
chr2	79	27	47	44	37	26	16	31	35	24	29	37	46	33	33	55
chr2	67	35	38	62	41	14	18	30	44	26	30	35	50	28	49	32
chr2	50	21	51	30	31	27	22	46	39	43	28	36	31	35	46	63
chr2	67	31	37	34	38	30	27	27	35	32	42	39	29	28	43	60
chr2	32	22	28	57	46	26	20	55	22	18	19	41	39	82	33	59
chr2	55	46	33	52	49	33	37	24	32	43	31	30	49	21	35	29
chr2	85	31	47	49	44	24	20	29	39	33	24	28	43	30	33	40
chr2	53	38	43	35	51	35	29	32	37	37	42	29	29	37	30	42
chr2	71	25	35	62	29	14	14	25	49	16	24	28	43	27	45	92
chr2	65	24	29	61	32	12	15	37	36	18	21	29	46	43	38	93
chr2	76	39	34	52	38	14	16	36	42	17	22	33	45	33	42	60
chr2	51	36	34	42	45	34	22	33	30	17	39	44	37	47	36	52
chr2	48	27	34	52	41	23	21	34	33	28	26	44	40	40	50	58
chr2	53	26	35	56	47	24	19	32	29	24	34	32	40	48	32	68
chr2	29	15	39	32	25	11	15	52	26	54	28	55	35	23	81	79
chr2	44	34	46	44	53	41	17	29	38	30	31	34	34	35	39	50
chr2	54	32	37	42	38	42	27	35	38	30	28	41	36	38	44	37
chr2	46	41	46	41	51	20	24	37	40	40	35	28	38	30	38	44
chr2	75	25	38	51	31	14	12	35	37	26	42	30	46	27	43	67
chr2	86	29	45	48	34	14	18	37	36	28	15	34	51	32	35	57
chr2	76	27	42	63	41	26	23	25	38	27	22	30	53	35	30	41
chr2	40	25	25	56	31	31	26	42	21	32	22	42	54	42	44	66
chr2	65	33	28	67	34	26	26	27	27	23	22	26	67	31	23	74
chr2	55	43	24	51	52	33	11	47	31	20	24	25	34	48	41	60
chr2	42	35	43	39	42	28	19	39	38	35	40	32	37	31	43	56
chr2	89	25	44	45	42	16	24	34	34	43	26	26	38	32	35	46
chr2	75	36	35	53	49	26	18	36	30	25	18	29	45	41	31	52
chr2	47	30	45	51	45	32	35	26	35	50	29	33	46	26	39	30
chr2	60	48	44	52	59	35	13	28	36	24	21	26	49	28	30	46
chr2	61	28	35	69	42	27	15	31	40	24	12	29	50	36	43	57
chr2	70	43	29	42	42	33	18	49	31	26	17	30	41	40	40	48
chr2	75	23	39	57	38	13	15	26	36	25	29	39	46	31	45	62
chr3	63	28	49	56	39	24	14	27	46	19	25	39	49	33	41	47
chr3	73	31	37	63	47	19	17	35	40	21	22	27	43	47	34	43
chr3	54	47	35	40	46	33	28	36	39	36	29	27	36	27	39	47
chr3	95	35	49	50	46	21	18	30	54	22	17	22	34	36	31	39
chr3	83	34	52	50	34	28	21	31	60	25	29	21	43	27	33	28
chr3	78	39	33	42	43	36	20	33	39	22	20	26	32	34	34	68
chr3	54	29	39	46	36	31	19	33	37	25	32	42	40	34	47	55
chr3	68	31	27	72	38	18	10	36	29	18	15	29	63	35	39	71
chr3	48	27	39	45	45	25	26	32	26	34	28	43	41	41	38	61
chr3	59	33	35	39	31	42	27	39	31	35	27	33	45	29	37	57
chr3	49	36	32	49	43	32	21	47	29	24	22	37	45	51	38	44
chr3	68	31	41	58	36	28	18	27	41	20	31	41	53	30	43	33
chr3	80	31	37	65	34	12	20	32	39	27	21	27	59	29	36	50
chr3	55	32	27	76	39	19	17	34	26	25	14	29	70	33	37	66
chr3	60	33	38	46	36	22	27	35	42	34	40	24	39	31	35	57
chr3	48	26	26	43	26	26	28	38	35	29	28	39	35	37	49	86
chr3	37	19	21	60	43	31	23	40	23	29	19	46	34	59	53	62
chr3	42	26	30	65	42	26	21	38	28	21	20	37	51	54	35	63
chr3	45	24	27	68	37	24	19	36	25	15	13	40	57	52	34	83
chr3	45	31	40	48	39	33	21	42	33	26	19	31	47	45	29	70
chr3	72	37	27	64	49	21	19	37	38	18	22	22	41	49	32	51
chr3	99	33	54	48	39	21	15	22	46	19	19	38	50	24	34	38
chr3	75	32	45	54	35	23	13	40	42	27	19	23	55	28	34	54
chr3	76	44	34	46	52	39	14	31	31	29	26	28	40	24	40	45
chr3	68	26	31	57	26	14	14	36	26	20	16	43	62	30	44	86
chr3	69	41	21	70	53	27	10	37	19	15	10	20	59	45	23	80
chr3	55	29	27	53	35	36	22	40	29	16	20	39	44	52	35	67
chr3	30	38	26	28	30	47	41	42	35	29	34	47	27	45	45	55
chr3	73	43	43	36	60	31	24	41	33	45	23	26	29	37	38	17
chr3	56	51	32	49	53	28	18	43	32	25	15	38	48	38	44	29
chr3	69	37	38	52	48	21	11	40	36	32	14	28	43	31	47	52
chr3	61	24	24	74	38	29	22	30	28	23	23	26	55	44	31	67
chr3	55	42	31	54	44	24	17	42	30	18	18	27	52	44	27	74
chr3	73	22	34	59	36	28	15	38	30	17	21	32	50	50	29	65
chr3	57	46	29	53	52	28	13	46	31	24	16	25	45	41	39	54
chr4	71	31	32	41	31	25	21	46	37	24	16	31	35	43	40	75
chr4	53	49	33	41	52	38	24	38	32	34	34	25	39	32	34	41
chr4	58	33	41	37	35	30	20	34	49	26	33	43	26	31	57	46
chr4	48	38	38	42	35	37	19	51	40	25	15	25	42	42	33	69
chr4	64	34	37	44	49	43	16	39	32	26	18	29	34	45	34	55
chr4	68	25	38	54	29	22	19	34	41	20	26	37	47	37	41	61
chr4	70	33	31	62	37	26	24	22	38	20	20	38	51	30	42	55
chr4	46	47	34	46	46	32	25	33	39	25	43	32	42	32	36	41
chr4	41	23	36	38	36	40	34	36	38	42	34	29	23	40	40	69
chr4	47	52	35	36	51	28	26	40	36	35	30	31	36	29	41	46
chr4	34	28	27	55	32	30	31	30	25	34	19	49	53	30	50	72
chr4	60	23	38	45	27	32	25	26	33	29	30	35	45	26	35	90
chr4	36	36	46	43	21	16	33	20	70	24	57	54	33	14	69	27
chr4	96	31	43	59	30	15	19	26	56	16	27	27	47	28	37	42
chr4	43	25	39	40	33	35	23	38	40	30	41	40	31	40	48	53
chr4	30	31	30	40	31	24	28	42	38	35	37	45	32	35	60	61
chr4	63	27	43	47	36	27	19	44	39	25	27	32	41	48	34	47
chr4	43	36	36	58	42	21	23	32	39	32	24	31	49	29	43	61
chr4	73	25	36	55	35	21	21	27	39	27	38	32	42	30	42	56
chr4	46	27	28	46	39	38	20	41	28	28	34	41	34	46	48	55
chr4	30	30	24	58	34	21	15	46	33	18	29	42	45	47	54	73
chr4	38	27	24	71	38	28	21	45	29	22	13	32	55	55	37	64
chr4	58	32	42	48	34	24	16	40	51	22	29	30	38	35	45	55
chr4	66	32	34	53	38	27	16	42	34	12	35	39	47	52	35	37
chr4	46	35	48	35	43	44	33	32	47	45	42	29	28	29	40	23
chr4	55	25	39	52	36	25	20	27	48	28	31	37	33	30	54	59
chr4	61	25	35	58	29	15	18	28	42	17	26	46	47	32	53	67
chr4	103	33	36	61	34	25	12	33	56	14	12	18	41	32	39	50
chr4	70	44	41	51	62	32	16	30	33	22	20	29	42	42	26	39
chr4	40	31	32	55	40	26	23	40	38	32	26	30	41	40	45	60
chr4	59	26	40	51	31	18	22	35	48	25	22	35	38	38	46	65
chr4	81	37	31	54	32	25	19	40	36	16	15	27	54	38	29	65
chr4	34	16	38	39	33	21	34	35	37	44	31	47	23	43	55	69
chr4	67	36	37	66	41	19	14	22	55	10	26	28	43	31	42	62
chr4	59	33	34	44	29	23	32	33	38	27	22	37	44	34	37	73
chr4	48	33	36	53	35	25	16	30	42	18	44	38	45	31	45	60
chr4	73	35	38	72	34	14	16	27	35	18	25	33	76	24	31	48
chr4	36	22	22	57	35	41	30	42	27	30	17	40	38	55	45	62
chr4	52	30	32	61	47	32	21	26	35	19	14	37	40	46	38	69
chr4	81	44	47	64	52	14	9	25	43	21	16	24	60	20	33	46
chr4	50	27	27	90	35	22	9	32	28	7	15	32	81	42	31	71
chr4	70	32	25	56	47	24	15	34	22	23	17	30	44	40	35	85
chr4	61	34	37	55	48	23	14	33	30	21	26	32	49	40	32	64
chr4	78	24	49	48	26	17	11	35	43	25	27	30	52	23	37	74
chr4	33	17	36	50	30	20	22	52	39	20	23	48	33	67	50	59
chr4	47	34	34	49	49	28	16	37	33	26	22	30	35	41	39	79
chr4	77	23	34	37	34	30	17	34	34	23	34	42	26	39	48	67
chr4	75	57	45	37	61	32	17	28	41	20	21	33	38	28	32	34
chr4	62	27	27	70	42	30	13	37	25	26	7	27	58	39	38	71
chr4	65	30	29	53	42	24	17	40	32	18	9	32	38	51	36	83
chr4	49	31	26	50	45	27	15	51	34	13	19	18	28	68	24	101
chr4	47	31	37	43	37	20	18	48	34	27	23	35	41	45	41	72
chr4	28	28	24	53	42	24	15	65	19	24	11	31	44	70	35	86
chr4	57	16	43	41	30	25	22	31	37	31	48	38	32	36	42	70
chr4	69	40	35	59	43	27	13	38	32	22	15	21	59	33	26	67
chr4	86	34	48	44	36	19	20	36	49	24	26	28	41	33	34	41
chr4	52	25	37	60	35	22	16	37	41	24	31	35	45	40	47	52
chr4	79	47	43	56	64	31	24	21	38	24	19	29	44	38	24	18
chr4	51	40	47	38	58	32	18	42	34	31	14	32	33	47	32	50
chr4	25	48	15	51	63	37	23	63	15	27	7	24	36	74	28	63
chr4	42	47	25	60	48	23	20	43	31	31	29	30	53	33	47	37
chr4	77	38	32	49	36	26	30	29	41	29	23	27	43	28	35	56
chr4	54	28	52	60	32	23	20	32	71	24	24	23	38	32	45	41
chr4	37	44	36	39	49	59	38	30	27	40	21	33	42	34	26	44
chr4	47	35	36	41	39	36	23	42	29	34	26	35	44	36	38	58
chr4	44	28	29	49	40	35	23	30	31	29	37	47	35	36	56	50
chr5	59	45	23	47	52	33	23	59	21	34	10	25	42	55	34	37
chr5	22	23	58	31	31	16	12	39	26	29	37	70	56	29	55	65
chr5	14	33	41	30	43	27	21	48	19	41	29	61	42	38	59	53
chr5	49	33	31	60	42	23	24	30	24	26	22	38	58	37	33	69
chr5	49	32	37	38	37	35	40	32	34	38	35	38	36	39	33	46
chr5	63	38	35	40	45	47	34	30	32	31	30	32	36	40	25	41
chr5	45	25	30	48	44	44	28	39	28	40	21	35	30	46	45	51
chr5	58	35	36	42	32	26	40	30	44	41	35	34	37	27	43	39
chr5	40	28	29	44	37	27	30	24	30	26	42	52	34	36	49	71
chr5	36	32	36	36	38	31	51	37	31	56	28	42	35	39	41	30
chr5	36	35	34	36	40	43	32	33	36	40	49	40	29	30	50	36
chr5	120	31	50	47	36	18	17	18	48	25	28	27	44	16	33	41
chr5	31	17	29	59	31	13	15	46	27	24	30	45	47	51	52	82
chr5	63	32	32	59	43	18	22	38	35	27	13	25	44	45	33	70
chr5	50	28	36	50	41	20	24	31	35	35	31	44	37	33	55	49
chr5	80	34	46	55	35	24	19	30	46	22	24	30	54	28	33	39
chr5	58	33	36	58	41	35	20	33	38	23	18	27	47	38	33	61
chr5	34	39	18	63	48	29	24	35	24	30	35	31	48	37	44	60
chr5	75	35	34	54	33	20	21	33	29	20	9	34	61	32	29	80
chr5	85	39	38	52	50	15	21	26	31	25	20	30	47	33	27	60
chr5	62	28	37	60	35	27	19	36	28	21	18	33	62	41	26	66
chr5	37	16	34	36	27	36	35	36	34	38	59	44	25	43	47	52
chr5	62	20	21	68	29	19	17	44	32	20	19	26	48	50	40	84
chr5	44	26	37	33	27	25	36	42	35	46	37	32	34	32	41	72
chr5	23	31	35	36	53	34	43	45	25	61	25	35	24	48	44	37
chr5	40	30	41	41	42	27	15	52	40	34	30	25	30	45	43	64
chr5	68	29	43	57	35	17	22	30	46	22	20	34	48	37	37	54
chr5	32	20	20	58	42	35	19	58	21	25	16	28	34	74	35	82
chr5	60	35	27	39	46	35	20	51	13	31	20	37	42	51	34	58
chr5	49	35	22	51	49	26	19	45	28	19	19	32	31	60	38	76
chr5	75	47	27	53	60	33	20	45	37	23	18	15	30	55	28	33
chr5	56	27	29	55	45	35	20	35	23	27	20	40	42	46	41	58
chr5	39	43	43	52	45	11	24	27	48	29	43	39	45	23	50	38
chr6	9	29	41	32	38	17	20	53	17	46	36	64	47	36	67	47
chr6	74	38	33	45	31	24	24	42	36	26	12	30	48	33	35	68
chr6	47	48	29	44	54	37	17	44	32	24	17	27	34	43	38	64
chr6	70	20	42	57	18	11	20	26	42	17	29	46	59	27	43	72
chr6	95	26	48	31	31	28	23	29	47	29	54	28	28	28	32	42
chr6	42	32	39	28	33	32	13	48	36	35	41	42	30	27	61	60
chr6	76	25	43	46	35	23	12	24	37	20	29	42	42	26	44	75
chr6	47	23	28	58	37	25	18	44	27	24	16	34	45	52	38	83
chr6	48	27	23	63	32	18	14	53	29	17	9	29	52	54	38	93
chr6	77	50	36	51	56	37	18	33	30	24	10	24	51	33	24	45
chr6	54	22	39	35	25	28	21	40	30	36	40	46	41	27	52	63
chr6	35	25	32	43	38	31	49	43	28	49	31	37	34	55	34	35
chr6	55	39	47	57	61	21	19	24	44	33	33	25	38	31	36	36
chr6	48	37	42	40	45	47	15	49	29	25	26	34	44	47	31	40
chr6	58	32	28	60	35	23	22	32	48	14	27	39	37	43	51	50
chr6	71	41	37	40	42	26	29	32	40	33	29	28	37	28	35	51
chr6	55	30	29	52	38	22	20	37	37	30	46	29	36	35	47	56
chr7	41	41	43	48	54	13	13	41	33	39	34	33	46	27	49	44
chr7	51	27	40	54	38	22	11	36	31	22	23	40	51	36	43	74
chr7	56	40	25	43	44	25	12	54	34	34	27	29	30	36	60	50
chr7	52	48	38	47	50	33	26	38	39	31	22	25	44	35	31	40
chr7	50	27	28	62	37	27	15	41	28	20	17	26	52	46	32	91
chr7	43	24	36	59	44	26	11	35	37	29	30	33	39	37	51	65
chr7	61	33	44	51	37	24	29	28	41	34	36	29	51	26	31	44
chr7	63	33	30	46	23	19	24	38	39	22	19	34	47	30	42	90
chr7	24	45	23	25	48	41	55	33	33	58	44	39	13	32	52	34
chr7	52	47	39	37	44	38	25	38	44	31	25	32	34	30	43	40
chr7	59	34	38	45	42	33	19	29	38	29	43	36	37	27	45	45
chr7	30	38	32	37	37	39	47	31	33	53	39	35	36	24	43	45
chr7	54	37	24	55	54	31	15	41	22	18	19	33	39	55	35	67
chr7	85	32	26	56	32	24	24	27	34	17	30	33	48	34	34	63
chr7	54	39	30	67	42	34	22	23	31	25	23	24	63	23	27	72
chr7	30	34	21	32	43	37	29	69	28	42	25	30	16	65	50	48
chr7	66	33	29	51	55	39	16	41	29	32	27	23	29	47	39	43
chr7	49	19	28	43	19	31	31	40	31	27	22	41	40	44	40	94
chr7	46	31	35	51	34	32	24	41	36	25	17	29	47	43	30	78
chr7	55	34	50	53	49	30	16	34	48	30	26	23	40	36	35	40
chr7	56	34	48	51	47	28	18	36	51	19	34	25	35	48	29	40
chr7	78	45	32	47	50	36	17	32	33	28	19	27	42	25	39	49
chr7	38	22	31	31	24	39	43	43	35	40	36	39	25	48	39	66
chr7	57	37	38	42	50	27	29	27	32	39	27	35	35	30	39	55
chr7	67	39	40	37	38	30	34	31	36	28	31	36	43	35	26	48
chr7	30	29	32	39	32	37	53	27	37	47	47	42	31	35	42	39
chr7	55	23	31	48	34	24	19	35	23	29	32	34	45	36	36	95
chr7	61	51	31	57	64	33	17	31	30	23	31	20	45	38	25	42
chr7	68	26	34	66	35	20	18	32	44	23	34	25	47	36	40	51
chr7	100	37	33	44	34	23	20	30	26	27	23	36	53	20	36	57
chr7	64	56	34	59	49	33	26	30	52	14	14	18	48	34	25	43
chr7	60	25	46	40	39	16	18	39	34	30	40	42	38	40	42	50
chr7	50	38	32	46	40	28	28	42	34	35	35	27	42	36	37	49
chr7	48	30	29	49	31	30	26	40	31	29	30	32	45	38	38	73
chr7	73	47	34	44	55	50	20	34	30	31	17	25	40	31	32	36
chr7	115	36	68	20	35	27	10	43	63	23	24	23	26	29	31	26
chr7	88	37	51	55	49	14	16	26	51	17	23	25	44	36	26	41
chr7	49	33	25	54	39	30	20	45	35	18	25	37	37	53	45	54
chr7	62	31	40	35	36	24	28	38	36	34	41	34	34	37	36	53
chr7	20	39	28	46	36	23	49	36	37	45	40	33	40	37	38	52
chr7	71	30	37	75	31	18	15	28	52	13	26	25	58	31	39	50
chr7	73	34	42	51	32	17	25	28	41	24	33	32	55	26	30	56
chr8	12	29	46	29	39	20	19	54	21	42	32	64	44	40	62	46
chr8	41	73	7	68	68	41	16	52	7	20	7	18	73	44	22	42
chr8	27	24	25	49	29	27	22	51	34	42	27	38	35	35	68	66
chr8	34	23	33	40	31	27	23	43	22	30	31	42	43	44	38	95
chr8	39	28	24	62	42	24	22	41	23	25	24	34	49	52	36	74
chr8	25	17	37	57	34	24	22	31	41	26	36	49	35	45	57	63
chr8	76	31	33	49	41	25	18	35	31	28	26	23	42	35	31	75
chr8	35	33	26	47	44	38	35	29	24	40	37	49	38	34	52	38
chr8	22	34	43	33	39	44	43	34	47	37	40	42	23	46	40	32
chr8	55	46	37	35	55	36	35	30	38	47	26	26	26	27	39	41
chr8	63	28	36	52	29	29	30	25	34	34	25	46	53	22	49	44
chr8	42	46	23	35	34	42	29	51	22	32	28	37	47	37	39	55
chr8	38	70	22	41	56	37	20	49	36	16	24	32	42	39	42	35
chr8	53	69	33	27	63	31	18	48	32	26	20	36	34	34	43	32
chr8	37	24	41	30	34	27	33	46	31	50	25	39	30	39	46	67
chr8	69	30	31	45	37	25	15	34	33	25	43	43	35	31	55	48
chr9	61	41	62	26	45	26	22	16	44	25	38	57	41	17	42	36
chr9	63	34	41	49	33	20	22	34	50	34	26	28	41	22	48	54
chr9	68	32	48	38	38	36	27	24	31	24	32	43	49	33	23	53
chr9	28	50	31	35	50	29	41	39	41	43	41	33	24	38	45	31
chr9	29	27	26	64	35	31	18	40	33	18	31	46	48	49	53	51
chr9	61	31	35	52	35	25	11	35	34	15	29	39	50	34	42	71
chr9	55	29	27	61	38	32	15	43	27	20	19	32	51	47	37	66
chr9	28	24	41	46	35	27	31	34	41	38	38	39	35	38	45	59
chr9	50	18	44	41	19	17	18	24	49	23	46	54	35	20	65	76
chr9	45	32	52	61	42	14	25	14	45	36	52	39	58	14	42	28
chr9	38	25	26	51	32	25	20	59	27	22	13	34	42	64	37	84
chr9	43	30	27	57	43	32	17	42	25	23	19	36	46	50	39	70
chr9	35	31	30	46	38	27	42	28	35	40	45	33	34	37	36	62
chr9	51	33	27	45	48	27	32	30	30	32	39	37	27	45	40	56
chr9	54	32	33	54	42	22	29	19	43	38	31	49	34	19	68	32
chr9	58	32	47	37	26	21	26	38	53	33	41	32	37	25	45	48
chr9	55	39	40	48	34	24	20	38	50	21	45	32	43	32	43	35
chr9	34	24	53	41	47	23	21	35	42	40	56	32	29	40	39	43
chr9	25	23	30	44	30	33	13	43	25	45	44	47	41	19	74	63
chr9	48	42	30	51	50	37	20	33	36	24	33	31	38	37	40	49
chr9	65	33	29	37	41	40	23	39	28	34	21	35	31	35	45	63
chr9	29	35	62	18	36	16	14	16	35	15	51	90	45	16	64	57
chr9	63	32	37	39	35	21	25	32	39	27	38	41	34	32	45	59
chr9	57	29	28	51	42	34	18	45	28	29	23	22	38	48	33	74
chr9	67	24	29	59	42	31	17	31	31	30	20	34	39	36	49	60
