Chromosome	A	C	G	T
chr1	142	85	171	202
chr1	140	93	179	188
chr1	129	203	111	157
chr1	183	96	89	232
chr1	165	102	103	230
chr1	163	95	166	176
chr1	175	167	106	152
chr1	188	177	99	136
chr1	173	179	99	149
chr1	131	193	100	176
chr10	183	115	120	182
chr10	194	101	124	181
chr10	126	129	141	204
chr10	183	128	131	158
chr10	163	138	121	178
chr10	161	115	161	163
chr10	166	142	104	188
chr10	205	129	84	182
chr10	184	144	113	159
chr10	187	120	110	183
chr10	218	92	149	141
chr10	171	137	91	201
chr10	190	102	160	148
chr10	160	120	172	148
chr10	170	132	104	194
chr10	170	113	163	154
chr10	138	164	154	144
chr10	177	114	137	172
chr10	178	159	117	146
chr10	169	143	149	139
chr10	193	99	160	148
chr10	183	119	113	185
chr10	200	111	111	178
chr10	201	91	99	209
chr10	177	135	112	176
chr10	196	129	98	177
chr10	166	136	131	167
chr10	168	142	128	162
chr10	194	120	117	169
chr11	135	127	193	145
chr11	157	165	149	129
chr11	161	163	131	145
chr11	164	172	140	124
chr11	151	115	143	191
chr11	205	104	112	179
chr11	168	137	116	179
chr11	146	180	120	154
chr12	112	105	177	206
chr12	152	158	135	155
chr12	179	188	79	154
chr12	108	112	186	194
chr12	160	124	127	189
chr12	144	132	122	202
chr12	179	131	110	180
chr12	151	101	105	243
chr12	167	98	151	184
chr12	173	113	125	189
chr12	135	194	97	174
chr12	183	118	169	130
chr12	133	155	198	114
chr12	162	100	105	233
chr12	145	103	108	244
chr12	154	182	124	140
chr12	151	151	140	158
chr12	120	120	174	186
chr12	187	155	92	166
chr12	153	170	103	174
chr12	181	178	89	152
chr12	186	123	133	158
chr12	159	132	128	181
chr12	176	112	139	173
chr12	198	121	87	194
chr12	182	114	128	176
chr12	191	94	96	219
chr12	143	92	203	162
chr12	145	110	201	144
chr12	166	111	173	150
chr12	136	153	142	169
chr12	160	128	128	184
chr12	221	111	101	167
chr12	176	134	131	159
chr12	152	133	159	156
chr12	194	144	129	133
chr13	145	143	118	194
chr13	159	156	127	158
chr13	166	119	144	171
chr13	202	147	86	165
chr13	188	155	93	164
chr13	187	157	88	168
chr13	235	102	101	162
chr13	139	127	195	139
chr13	162	86	160	192
chr13	150	161	165	124
chr13	187	143	88	182
chr13	163	115	133	189
chr13	172	123	144	161
chr13	158	113	144	185
chr13	164	147	133	156
chr13	173	122	145	160
chr13	203	84	113	200
chr14	113	127	181	179
chr14	174	149	131	146
chr14	209	174	103	114
chr14	155	93	106	246
chr14	167	86	154	193
chr14	174	86	142	198
chr14	173	79	206	142
chr14	165	107	162	166
chr14	202	117	118	163
chr14	199	137	119	145
chr14	188	79	168	165
chr14	137	185	129	149
chr14	167	99	135	199
chr14	179	139	150	132
chr14	172	137	127	164
chr14	177	148	122	153
chr15	186	66	208	140
chr15	100	186	109	205
chr15	192	117	141	150
chr15	160	164	169	107
chr15	173	169	122	136
chr15	248	101	91	160
chr15	168	127	151	154
chr15	162	226	103	109
chr15	192	116	146	146
chr15	136	152	154	158
chr15	166	128	160	146
chr15	159	149	120	172
chr15	152	139	136	173
chr15	157	63	205	175
chr15	152	131	157	160
chr15	197	102	154	147
chr16	135	131	141	193
chr16	156	157	134	153
chr16	233	105	100	162
chr16	145	90	187	178
chr16	162	78	164	196
chr16	157	148	117	178
chr16	143	151	158	148
chr16	194	142	144	120
chr16	179	112	166	143
chr16	151	124	154	171
chr16	153	173	114	160
chr16	146	137	154	163
chr16	146	93	164	197
chr16	154	138	117	191
chr16	185	145	150	120
chr2	177	134	103	186
chr2	187	126	156	131
chr2	225	171	82	122
chr2	194	131	121	154
chr2	150	129	140	181
chr2	165	122	149	164
chr2	204	117	99	180
chr2	163	126	99	212
chr2	185	119	115	181
chr2	187	113	125	175
chr2	190	97	127	186
chr2	205	138	100	157
chr2	165	144	87	204
chr2	170	120	114	196
chr2	179	108	110	203
chr2	187	99	130	184
chr2	78	87	192	243
chr2	177	122	138	163
chr2	196	102	130	172
chr2	178	121	73	228
chr2	218	115	111	156
chr2	191	127	149	133
chr2	157	133	105	205
chr2	150	138	116	196
chr2	179	115	148	158
chr2	178	130	121	171
chr2	202	118	126	154
chr2	159	129	141	171
chr2	152	119	132	197
chr2	132	160	127	181
chr2	186	110	128	176
chr2	219	173	88	120
chr2	245	167	103	85
chr3	219	135	110	136
chr3	136	122	141	201
chr3	207	119	130	144
chr3	162	104	165	169
chr3	154	135	122	189
chr3	165	145	113	177
chr3	206	104	125	165
chr3	203	96	129	172
chr3	147	116	130	207
chr3	210	110	110	170
chr3	124	161	143	172
chr3	126	170	137	167
chr3	177	103	169	151
chr3	128	134	178	160
chr3	175	166	109	150
chr3	192	153	106	149
chr3	181	135	90	194
chr4	168	129	109	194
chr4	169	162	91	178
chr4	138	127	172	163
chr4	167	200	85	148
chr4	157	65	234	144
chr4	227	93	126	154
chr4	132	138	145	185
chr4	131	160	111	198
chr4	138	118	184	160
chr4	176	154	106	164
chr4	153	132	159	156
chr4	179	133	95	193
chr4	172	143	114	171
chr4	163	153	155	129
chr4	200	108	168	124
chr4	163	90	148	199
chr4	203	104	166	127
chr4	139	138	136	187
chr4	167	135	116	182
chr4	119	203	90	188
chr4	128	220	84	168
chr4	183	140	117	160
chr4	155	178	121	146
chr4	160	131	117	192
chr4	147	135	147	171
chr4	153	150	139	158
chr4	160	128	167	145
chr4	158	126	156	160
chr4	190	146	130	134
chr5	162	129	142	167
chr5	168	128	117	187
chr5	197	103	170	130
chr5	177	160	112	151
chr5	188	130	142	140
chr5	169	125	157	149
chr5	156	113	157	174
chr5	202	162	82	154
chr5	187	138	123	152
chr5	191	112	118	179
chr5	175	100	128	197
chr5	179	95	143	183
chr5	175	126	121	178
chr5	191	117	114	178
chr5	158	118	146	178
chr5	113	137	188	162
chr5	148	149	111	192
chr5	195	110	146	149
chr5	150	130	124	196
chr5	142	128	151	179
chr5	163	148	129	160
chr5	165	107	153	175
chr5	225	119	119	137
chr5	171	132	106	191
chr6	189	78	136	197
chr6	141	150	140	169
chr6	205	110	156	129
chr6	217	145	90	148
chr6	122	171	134	173
chr6	168	151	121	160
chr6	169	113	132	186
chr6	173	105	122	200
chr6	156	152	139	153
chr6	108	168	173	151
chr6	172	119	141	168
chr7	192	140	109	159
chr7	169	112	110	209
chr7	119	179	173	129
chr7	139	146	173	142
chr7	133	155	157	155
chr7	160	146	123	171
chr7	136	126	145	193
chr7	190	136	137	137
chr7	240	98	96	166
chr7	127	154	173	146
chr7	165	113	142	180
chr7	133	144	156	167
chr7	138	172	120	170
chr7	183	119	139	159
chr7	149	131	158	162
chr7	190	133	136	141
chr8	142	176	101	181
chr8	146	167	109	178
chr8	145	155	143	157
chr8	189	169	49	193
chr8	189	206	75	130
chr8	144	122	147	187
chr8	192	118	106	184
chr8	143	158	138	161
chr8	147	142	148	163
chr8	162	169	117	152
chr8	185	100	114	201
chr8	171	165	137	127
chr8	152	135	148	165
chr8	180	165	106	149
chr8	153	130	160	157
chr8	196	102	154	148
chr9	141	116	144	199
chr9	157	157	126	160
chr9	180	124	135	161
chr9	159	142	132	167
chr9	175	94	170	161
chr9	185	118	159	138
chr9	232	97	97	174
chr9	150	128	172	150
chr9	151	118	161	170
chr9	123	111	176	190
chr9	187	141	116	156
chr9	150	80	190	180
chr9	136	71	219	174
