Chromosome	AA	AC	AG	AT	CA	CC	CG	CT	GA	GC	GG	GT	TA	TC	TG	TT
chr1	44	30	36	31	25	15	10	35	34	20	40	77	38	20	85	59
chr1	34	24	49	33	36	18	16	22	29	18	43	89	40	33	71	44
chr1	24	41	19	44	65	63	32	43	14	46	20	31	26	53	39	39
chr1	45	22	28	88	31	18	12	35	32	9	13	35	75	47	36	73
chr1	46	23	30	66	33	18	10	40	21	16	15	51	65	45	47	73
chr1	40	26	41	56	29	18	13	35	55	21	46	43	39	30	66	41
chr1	45	78	19	33	55	40	21	50	33	16	24	33	41	33	42	36
chr1	51	86	20	31	68	46	18	45	41	8	20	29	28	37	41	30
chr1	49	78	15	31	67	42	20	50	34	10	22	33	22	49	42	35
chr1	31	54	19	27	48	43	27	75	15	33	20	32	37	62	34	42
chr10	58	26	38	60	37	28	21	29	44	24	21	31	44	36	40	62
chr10	70	34	35	55	41	16	16	28	44	19	28	32	39	32	45	65
chr10	31	34	26	35	37	22	22	48	23	30	43	45	35	43	49	76
chr10	49	48	42	44	40	26	27	35	41	31	24	35	53	23	38	43
chr10	50	32	36	44	37	35	20	46	43	27	26	25	33	43	39	63
chr10	50	31	49	31	31	28	28	28	45	37	44	35	34	19	40	69
chr10	49	35	24	58	51	36	20	35	27	21	22	33	38	50	38	62
chr10	75	35	34	61	44	31	18	36	27	22	7	27	58	41	25	58
chr10	60	37	28	59	47	35	28	33	30	33	21	29	47	39	35	38
chr10	57	39	39	51	43	21	13	43	37	22	22	29	50	38	36	59
chr10	70	33	55	59	36	16	20	20	71	23	29	26	41	20	44	36
chr10	59	35	30	47	43	30	26	38	29	21	12	28	39	51	23	88
chr10	62	27	63	37	47	20	15	20	53	26	46	35	28	28	36	56
chr10	31	39	53	36	33	30	26	31	55	24	43	50	41	26	50	31
chr10	56	35	26	53	35	32	23	42	33	17	22	32	46	48	33	66
chr10	42	38	41	49	50	16	19	28	48	34	48	32	30	24	55	45
chr10	27	46	31	33	43	42	44	35	36	49	35	34	32	27	44	41
chr10	63	31	41	42	33	34	15	32	46	18	30	43	35	31	50	55
chr10	74	40	35	29	52	35	32	40	28	44	24	21	24	40	26	55
chr10	48	50	46	25	56	35	22	30	47	22	42	37	17	36	39	47
chr10	54	31	59	48	34	19	20	26	64	21	42	33	41	28	39	40
chr10	51	38	31	62	46	20	19	34	46	19	22	26	40	42	41	62
chr10	64	35	30	71	43	19	18	30	38	20	22	31	54	37	41	46
chr10	69	28	37	67	34	12	9	36	37	13	23	26	60	38	30	80
chr10	53	39	34	51	37	34	22	42	31	30	19	32	56	32	36	51
chr10	65	38	35	57	55	31	11	32	28	17	22	31	48	42	30	57
chr10	47	48	33	38	41	33	25	36	44	15	27	45	34	40	45	48
chr10	50	42	35	40	56	34	16	36	34	25	34	35	27	41	43	51
chr10	78	25	38	53	38	32	14	35	30	25	25	37	48	38	40	43
chr11	39	23	34	39	28	27	48	24	42	43	65	43	26	34	46	38
chr11	46	38	33	39	48	42	39	36	32	46	41	30	31	38	36	24
chr11	54	37	30	40	51	46	33	33	24	49	35	23	31	31	33	49
chr11	52	37	32	43	48	46	41	37	27	55	40	17	37	34	27	26
chr11	39	25	40	47	33	28	24	30	38	28	35	41	41	34	44	72
chr11	71	35	31	68	40	16	23	24	33	22	23	34	61	31	34	53
chr11	55	35	28	50	45	26	22	44	25	33	16	42	43	43	49	43
chr11	20	55	50	20	52	36	26	66	33	28	2	57	41	61	42	10
chr12	8	25	58	21	31	13	16	45	21	32	42	82	52	34	61	58
chr12	42	36	35	39	45	37	38	38	33	38	26	37	32	46	36	41
chr12	52	69	22	36	57	62	21	48	21	23	11	24	49	34	25	45
chr12	5	28	53	22	34	12	16	50	19	43	44	79	50	29	73	42
chr12	42	27	38	52	43	25	23	33	35	32	22	38	40	40	44	65
chr12	43	31	37	32	43	27	13	49	34	21	28	39	24	53	43	82
chr12	52	44	29	54	41	22	22	46	34	21	22	32	52	43	37	48
chr12	35	25	23	67	31	19	10	41	21	20	21	43	64	37	50	92
chr12	43	22	48	54	34	15	23	26	53	22	29	47	37	38	51	57
chr12	55	29	35	53	43	26	18	26	29	30	30	36	46	28	42	73
chr12	29	29	29	48	64	47	32	51	13	35	11	38	29	82	25	37
chr12	57	32	52	42	45	19	28	26	49	41	44	34	32	26	45	27
chr12	23	35	51	24	33	33	59	29	52	67	45	34	25	20	43	26
chr12	44	22	30	65	32	18	10	40	21	16	16	52	65	44	48	76
chr12	32	21	26	66	35	15	15	38	26	15	16	51	51	52	51	89
chr12	44	40	35	35	49	47	43	43	24	51	18	30	37	44	27	32
chr12	38	38	32	43	41	46	34	30	40	25	33	42	32	42	41	42
chr12	18	36	40	26	24	28	30	38	39	32	36	67	39	24	67	55
chr12	57	41	30	59	53	40	19	43	41	14	14	23	35	60	29	41
chr12	47	41	28	36	43	45	31	51	26	32	21	24	36	52	23	63
chr12	49	53	29	49	73	52	11	42	25	21	18	25	34	51	31	36
chr12	61	36	38	50	36	31	29	27	35	37	29	32	53	19	37	49
chr12	46	42	33	38	39	32	21	39	42	20	32	34	32	38	42	69
chr12	54	44	26	51	42	19	13	38	51	19	37	32	29	30	63	51
chr12	82	36	28	51	38	27	19	37	27	16	15	29	50	42	25	77
chr12	70	34	36	41	40	23	19	32	42	16	30	40	29	41	43	63
chr12	61	20	30	80	32	16	13	33	33	16	22	25	64	42	31	81
chr12	31	26	54	32	22	17	20	33	56	28	72	47	33	21	57	50
chr12	32	28	47	38	29	27	23	31	55	42	74	30	29	13	57	44
chr12	63	26	45	31	35	19	26	31	48	37	52	36	20	29	49	52
chr12	44	37	28	27	38	38	30	46	26	49	23	44	28	28	61	52
chr12	60	20	32	48	35	34	20	39	28	35	27	37	37	39	49	59
chr12	88	37	35	61	42	22	15	31	33	18	21	29	57	34	30	46
chr12	52	32	40	52	56	42	12	24	37	28	34	31	30	32	45	52
chr12	43	31	41	37	38	30	34	31	43	38	37	40	28	34	46	48
chr12	59	54	45	35	47	32	19	46	46	30	27	26	42	27	38	26
chr13	36	24	38	47	40	37	16	49	28	29	24	37	41	53	40	60
chr13	49	37	32	40	49	40	27	40	28	37	27	35	33	41	41	43
chr13	48	31	33	53	38	22	30	29	33	39	38	34	46	27	43	55
chr13	66	57	21	58	62	28	19	37	27	19	14	26	47	42	32	44
chr13	58	42	28	59	51	39	24	41	41	15	14	23	38	59	26	41
chr13	60	42	27	58	50	40	24	42	39	14	11	24	38	61	26	43
chr13	77	50	42	65	48	15	10	29	43	16	19	23	66	21	30	45
chr13	41	34	33	31	43	26	23	35	23	41	82	48	32	26	57	24
chr13	38	22	41	61	27	10	23	26	60	14	43	43	37	39	53	62
chr13	38	51	27	33	41	30	60	30	38	52	41	34	33	27	37	27
chr13	63	37	39	48	42	35	16	50	30	19	11	27	52	52	22	56
chr13	63	25	35	40	31	21	31	32	30	29	35	39	39	40	32	77
chr13	66	25	38	43	33	30	31	29	34	45	29	36	38	23	46	53
chr13	40	27	37	53	29	27	22	35	45	25	33	41	44	34	52	55
chr13	47	18	72	26	58	15	32	42	29	38	12	54	29	76	17	34
chr13	52	30	39	52	32	29	25	36	56	24	33	32	33	38	48	40
chr13	83	25	34	61	31	14	12	27	32	18	25	38	57	27	42	73
chr14	8	31	55	19	43	17	18	48	20	45	39	77	42	34	68	35
chr14	54	30	37	52	42	42	35	30	37	40	26	28	41	37	32	36
chr14	74	45	41	49	77	54	18	25	29	31	19	24	29	43	25	16
chr14	41	21	21	71	29	15	13	36	22	17	20	47	62	40	52	92
chr14	42	20	47	58	28	10	21	26	60	17	33	44	37	39	53	64
chr14	50	28	37	58	31	15	19	21	44	14	31	53	49	28	55	66
chr14	43	27	85	18	15	13	25	26	81	21	40	63	34	17	56	35
chr14	47	27	31	60	26	16	38	27	46	33	47	36	46	31	46	42
chr14	70	44	33	54	39	22	28	28	41	26	26	25	51	25	31	56
chr14	72	42	34	51	42	38	30	27	37	21	29	31	48	35	26	36
chr14	47	39	38	64	21	6	28	23	73	14	32	49	47	20	70	28
chr14	35	38	19	45	47	53	48	37	25	50	26	27	29	44	36	40
chr14	51	32	31	53	33	11	21	33	29	20	41	45	53	36	42	68
chr14	46	37	50	45	50	33	24	32	49	34	31	36	34	34	45	19
chr14	61	30	42	38	36	33	21	47	36	29	38	24	38	45	26	55
chr14	49	47	31	49	57	37	23	31	35	24	30	33	35	40	38	40
chr15	42	27	93	23	20	7	14	25	77	11	57	63	47	21	43	29
chr15	27	12	46	15	49	44	15	77	15	40	0	54	8	90	48	59
chr15	67	31	44	50	38	24	30	24	52	27	29	33	34	35	38	43
chr15	41	54	42	23	42	37	62	23	56	44	35	34	20	29	30	27
chr15	48	50	33	42	53	45	38	33	42	36	21	23	30	38	30	37
chr15	98	41	34	74	46	19	13	23	37	14	17	23	67	27	27	39
chr15	63	28	36	41	36	25	33	33	30	39	34	48	39	35	47	32
chr15	41	59	36	26	76	84	22	43	21	42	19	21	23	41	26	19
chr15	77	40	39	36	35	23	37	21	41	32	38	35	39	21	31	54
chr15	30	36	28	41	43	33	43	33	28	46	33	47	35	36	50	37
chr15	56	27	37	46	31	27	35	34	46	45	48	21	33	29	40	44
chr15	39	38	33	48	44	44	27	34	32	22	26	40	43	45	34	50
chr15	41	24	34	52	36	39	24	40	37	40	33	26	38	36	45	54
chr15	33	24	49	51	25	7	20	11	43	16	77	68	56	16	58	45
chr15	42	30	40	39	37	30	33	31	42	39	37	39	31	32	46	51
chr15	63	27	56	51	36	18	18	30	61	26	40	26	37	31	39	40
chr16	26	26	44	39	38	27	20	46	28	31	31	51	42	47	46	57
chr16	48	39	31	38	45	36	34	41	34	39	30	31	28	43	39	43
chr16	76	52	40	65	48	16	10	30	44	16	18	22	65	21	32	44
chr16	29	21	47	48	30	26	11	22	54	27	57	49	32	15	72	59
chr16	39	23	58	42	24	9	18	26	37	18	33	76	61	28	55	52
chr16	50	32	34	40	43	41	24	40	32	33	22	30	31	42	37	68
chr16	45	32	39	27	42	35	41	33	31	46	41	39	24	38	37	49
chr16	80	36	38	40	42	38	40	22	37	39	39	28	34	29	27	30
chr16	75	25	49	30	32	17	36	26	48	40	47	31	23	30	34	56
chr16	51	25	32	43	26	25	28	45	48	35	35	36	26	39	58	47
chr16	49	39	25	40	46	56	33	38	23	42	17	32	35	35	39	50
chr16	45	32	35	34	31	28	36	42	33	44	43	34	36	33	40	53
chr16	31	27	38	50	27	10	25	31	53	14	48	49	35	41	53	67
chr16	48	28	26	52	40	33	22	43	29	38	16	34	37	39	52	62
chr16	49	53	54	29	57	27	19	42	42	42	34	32	37	23	43	16
chr2	55	32	31	59	42	40	18	34	32	28	16	27	48	34	38	65
chr2	59	32	44	51	52	24	26	24	48	41	43	24	27	29	43	32
chr2	73	74	34	44	87	41	17	26	21	25	12	24	44	31	19	27
chr2	71	33	34	55	39	30	34	28	34	37	22	28	50	31	30	43
chr2	50	20	48	32	37	29	20	43	26	40	31	43	37	40	41	62
chr2	64	30	37	33	37	31	27	27	35	32	43	39	29	29	41	65
chr2	65	43	34	62	48	21	18	29	40	16	13	30	51	37	33	59
chr2	46	36	30	50	40	24	15	47	22	17	20	40	55	49	34	74
chr2	68	35	34	47	30	26	20	43	37	19	28	31	50	38	33	60
chr2	63	30	35	58	41	24	20	28	42	25	29	29	41	34	41	59
chr2	65	28	43	54	36	19	11	31	41	21	31	34	48	28	42	67
chr2	72	42	35	56	50	33	21	34	36	27	9	28	47	36	34	39
chr2	51	24	17	72	52	35	14	43	19	20	20	28	43	65	35	61
chr2	49	38	36	47	34	26	22	38	33	25	19	37	53	31	37	74
chr2	61	24	31	63	40	26	6	35	26	21	26	37	52	37	46	68
chr2	61	36	33	56	28	21	21	29	41	21	30	38	57	21	45	61
chr2	17	8	34	18	17	11	7	52	25	62	23	82	19	6	127	91
chr2	49	38	45	44	46	19	22	35	42	31	34	31	40	34	37	52
chr2	69	35	40	52	33	20	18	31	44	18	30	37	49	29	42	52
chr2	43	18	21	96	61	17	16	26	21	15	8	29	53	70	28	77
chr2	88	31	39	59	40	24	23	28	38	27	21	25	52	33	28	43
chr2	56	45	55	35	47	32	20	27	60	26	31	32	27	24	43	39
chr2	41	29	25	62	34	35	21	42	33	22	20	30	49	47	38	71
chr2	35	35	33	47	40	33	25	40	35	18	22	41	40	52	36	67
chr2	57	32	40	49	33	26	19	37	52	22	36	38	37	35	52	34
chr2	56	34	35	53	42	32	18	38	34	30	28	29	45	34	40	51
chr2	85	24	45	48	39	17	24	37	35	43	23	25	43	33	34	44
chr2	50	29	39	41	48	33	18	30	36	30	29	45	25	37	55	54
chr2	39	29	31	53	38	21	17	42	25	27	45	35	49	42	39	67
chr2	27	35	26	44	56	38	29	36	22	33	30	42	27	54	42	58
chr2	64	35	39	48	43	16	22	29	29	25	30	43	49	34	37	56
chr2	84	59	36	39	90	42	13	28	18	38	15	17	27	34	24	35
chr2	88	66	65	25	119	25	5	18	16	57	14	16	21	19	19	26
chr3	85	42	44	48	59	39	14	23	42	25	19	24	32	29	33	41
chr3	32	26	33	45	33	22	17	50	30	31	38	42	40	43	53	64
chr3	64	34	53	56	55	18	22	24	51	28	27	24	37	38	28	40
chr3	44	21	53	44	36	24	21	23	41	28	46	49	41	31	44	53
chr3	42	31	33	47	47	26	16	46	33	28	24	37	32	49	49	59
chr3	47	38	32	47	44	31	23	47	28	25	21	39	46	51	37	43
chr3	71	34	39	62	34	25	18	27	42	21	26	36	58	24	42	40
chr3	67	33	45	58	34	15	16	31	51	20	30	27	51	28	37	56
chr3	49	26	28	44	27	26	26	37	35	28	26	41	36	36	49	85
chr3	76	33	45	56	35	23	13	39	43	25	19	23	56	29	32	52
chr3	31	39	26	27	30	48	41	42	35	29	32	47	28	45	44	55
chr3	28	42	20	35	52	36	35	47	22	42	47	26	24	49	35	59
chr3	43	40	45	48	31	17	33	22	66	24	36	43	37	22	55	37
chr3	27	26	40	35	41	30	21	41	42	48	56	32	18	30	60	52
chr3	58	60	18	39	69	37	22	37	18	20	37	34	30	49	31	40
chr3	55	58	32	47	57	30	18	48	35	28	14	29	44	37	42	25
chr3	49	43	31	57	54	25	16	40	27	22	17	24	51	44	26	73
chr4	48	34	39	46	32	32	17	48	39	24	18	28	49	39	34	72
chr4	50	43	26	50	54	48	14	45	26	24	16	25	39	47	35	57
chr4	40	20	37	41	34	25	40	28	40	49	43	40	24	33	52	53
chr4	60	42	21	44	61	71	16	52	13	28	18	26	32	59	30	26
chr4	32	29	55	41	10	9	29	17	78	21	73	62	37	6	76	24
chr4	96	31	43	56	30	15	19	29	55	16	27	28	46	31	36	41
chr4	34	25	30	43	35	34	23	46	36	30	38	41	27	49	54	54
chr4	31	32	18	49	36	49	19	56	21	33	21	36	43	46	53	56
chr4	40	17	45	36	32	37	26	22	35	27	59	63	31	37	53	39
chr4	57	40	29	50	41	50	30	32	30	28	18	30	48	35	29	52
chr4	58	37	42	16	34	30	24	44	41	26	36	55	20	39	56	41
chr4	57	29	22	70	45	38	21	29	28	21	18	28	49	45	34	65
chr4	59	42	27	43	47	36	20	40	33	19	26	36	32	46	41	52
chr4	43	38	45	37	45	43	31	34	47	42	37	29	28	30	42	28
chr4	64	35	58	43	38	19	31	20	58	33	49	27	40	21	30	33
chr4	41	24	37	61	26	7	22	35	54	12	38	44	42	47	51	58
chr4	87	29	50	37	27	23	34	20	54	31	45	36	35	21	37	33
chr4	55	29	23	32	36	39	25	38	23	35	35	42	25	35	52	75
chr4	59	28	35	45	31	40	21	42	29	31	19	37	48	36	41	57
chr4	11	53	17	37	67	45	35	56	8	32	7	43	33	73	31	51
chr4	11	62	13	42	78	49	39	54	7	29	5	42	32	79	27	30
chr4	47	49	28	59	55	25	20	40	33	30	27	26	48	35	42	35
chr4	37	44	36	38	49	59	38	31	27	40	21	33	42	35	26	43
chr4	49	31	37	43	47	26	13	44	30	20	23	44	34	53	44	61
chr4	47	28	32	40	38	35	28	33	30	36	39	42	32	35	48	56
chr4	56	31	30	35	33	39	46	32	35	41	38	25	28	39	25	66
chr4	30	34	71	25	57	28	19	24	42	30	38	57	30	36	39	39
chr4	42	33	41	41	38	27	28	33	43	37	37	39	35	28	50	47
chr4	56	55	45	33	46	33	20	47	45	31	26	28	43	27	39	25
chr5	45	37	34	46	40	38	21	30	42	22	31	47	34	32	56	44
chr5	57	36	39	36	42	31	12	43	37	22	28	29	32	39	38	78
chr5	78	30	49	40	40	14	33	16	42	45	42	40	37	14	45	34
chr5	55	44	36	42	52	42	22	44	33	29	23	27	37	45	30	38
chr5	70	35	45	38	38	32	27	33	44	31	38	28	35	32	32	41
chr5	58	31	38	42	33	23	38	30	42	44	37	34	36	27	43	43
chr5	50	28	31	47	39	23	30	21	36	30	43	47	31	32	53	58
chr5	68	49	28	57	59	38	17	48	17	35	14	16	57	40	23	33
chr5	63	52	34	38	55	30	20	32	37	27	26	33	32	29	43	48
chr5	66	34	37	53	35	19	24	34	31	22	30	35	59	37	27	56
chr5	45	28	38	64	28	19	25	28	40	20	23	45	61	33	42	60
chr5	48	29	40	62	33	21	17	24	46	17	36	43	52	28	49	54
chr5	57	39	26	53	43	33	12	38	39	18	33	31	35	36	50	56
chr5	63	29	43	56	45	25	17	30	35	25	20	34	48	38	34	57
chr5	47	28	36	47	40	20	23	35	35	34	32	45	36	36	54	51
chr5	23	25	29	36	31	30	36	40	33	38	67	50	25	44	56	36
chr5	38	41	30	38	43	35	24	47	21	27	24	39	46	46	32	68
chr5	70	36	48	41	35	16	23	36	54	28	32	31	35	30	43	41
chr5	36	26	37	51	37	32	23	38	36	25	26	37	41	47	37	70
chr5	44	26	37	34	27	25	35	41	37	44	38	32	34	33	40	72
chr5	49	36	35	43	41	34	18	55	44	35	33	16	29	43	42	46
chr5	41	19	51	53	37	20	22	28	43	29	28	53	44	39	51	41
chr5	82	44	33	66	48	36	15	19	54	21	26	18	41	18	44	34
chr5	58	26	30	57	45	35	18	34	23	27	17	39	44	44	41	61
chr6	68	20	45	55	21	11	19	27	43	19	31	43	57	28	41	71
chr6	28	32	37	44	45	31	36	38	39	31	25	44	28	56	42	43
chr6	95	27	49	33	33	28	21	28	46	28	55	27	31	27	31	40
chr6	86	49	32	50	58	38	18	31	29	26	14	21	43	32	26	46
chr6	27	32	29	34	39	39	42	51	22	49	25	38	34	51	38	49
chr6	48	37	42	41	45	44	18	44	35	26	25	35	40	44	35	40
chr6	48	31	29	61	36	23	21	33	48	15	27	41	37	44	55	50
chr6	63	36	28	45	39	15	19	32	24	22	11	65	47	31	64	58
chr6	44	54	29	29	48	37	23	44	39	24	42	34	24	37	45	46
chr6	20	38	19	31	27	34	68	38	35	59	42	37	25	37	44	45
chr6	55	31	34	52	38	25	21	35	38	33	42	28	40	30	44	53
chr7	51	43	39	59	56	28	20	36	38	30	14	27	46	39	36	37
chr7	39	30	33	66	49	19	12	32	21	22	22	45	60	40	43	66
chr7	24	47	24	24	50	44	53	32	32	58	44	39	13	30	52	33
chr7	33	34	37	34	34	36	45	31	38	50	48	37	33	26	43	40
chr7	32	33	26	42	39	37	50	29	31	52	38	36	31	33	43	47
chr7	61	30	36	33	39	32	26	49	24	40	31	27	36	43	30	62
chr7	48	17	32	39	21	27	41	37	35	33	30	46	32	48	42	71
chr7	67	51	37	35	43	24	33	36	42	30	33	31	38	30	34	35
chr7	89	39	34	78	44	18	14	22	40	12	18	25	67	28	30	41
chr7	27	29	31	39	34	37	54	29	36	51	48	38	30	37	40	39
chr7	58	23	43	41	38	16	18	41	32	29	40	40	37	45	41	57
chr7	20	39	28	46	35	23	49	36	38	45	40	33	40	37	38	52
chr7	39	30	25	44	48	59	20	45	24	37	27	32	26	46	48	49
chr7	59	33	41	50	36	32	23	28	52	16	32	39	36	38	43	41
chr7	38	32	40	39	35	28	33	35	43	39	37	39	33	32	48	48
chr7	56	45	46	43	43	29	19	42	48	31	31	25	43	27	40	31
chr8	42	34	29	37	45	44	24	62	24	37	13	27	30	61	35	55
chr8	41	29	35	41	45	49	19	53	32	37	16	24	28	52	39	59
chr8	38	35	36	36	40	35	40	39	34	41	29	39	32	44	38	43
chr8	48	61	8	72	58	43	15	53	8	18	5	18	75	46	21	50
chr8	42	85	29	32	90	46	31	39	19	18	3	35	38	57	12	23
chr8	48	28	30	37	31	23	39	29	28	35	38	46	36	36	40	75
chr8	76	32	33	51	44	23	20	30	28	29	24	25	43	34	29	78
chr8	37	40	29	37	42	58	23	34	37	25	37	39	26	35	49	51
chr8	39	32	27	49	46	36	32	28	25	42	37	44	37	31	52	42
chr8	38	52	33	39	56	34	39	40	24	43	17	33	44	39	28	40
chr8	57	32	29	67	42	13	15	30	35	28	22	28	51	27	48	75
chr8	50	50	36	35	59	38	37	30	42	49	23	23	19	28	41	39
chr8	51	39	32	29	33	31	22	49	52	28	30	38	16	37	63	49
chr8	41	91	20	27	53	42	19	51	42	1	27	36	43	31	40	35
chr8	38	34	40	40	37	27	31	35	46	39	40	35	32	30	49	46
chr8	63	27	55	50	37	18	17	30	60	26	42	26	36	31	39	42
chr9	25	29	52	34	37	23	13	43	29	27	31	57	49	37	48	65
chr9	47	39	31	40	47	41	28	41	27	35	27	36	35	42	40	43
chr9	61	32	47	39	38	34	28	24	34	24	35	42	46	34	25	56
chr9	53	33	27	46	49	31	32	30	28	32	38	34	28	46	35	57
chr9	54	26	43	52	36	16	23	19	46	35	36	52	39	16	68	38
chr9	65	31	53	35	34	27	26	31	52	34	41	32	34	26	39	39
chr9	100	43	29	59	33	17	14	33	45	11	19	22	54	26	34	60
chr9	35	24	56	34	46	22	22	38	39	45	55	33	30	37	39	44
chr9	48	26	33	44	44	33	17	24	28	31	52	49	31	28	59	52
chr9	27	22	34	40	28	31	9	43	32	46	52	46	36	12	80	61
chr9	78	41	34	34	47	39	19	36	26	26	25	38	36	34	38	48
chr9	31	34	67	18	33	16	14	16	40	14	46	90	46	16	63	55
chr9	12	14	96	14	25	2	3	41	61	36	57	64	38	19	63	54
