Chromosome	AAA	AAC	AAG	AAT	ACA	ACC	ACG	ACT	AGA	AGC	AGG	AGT	ATA	ATC	ATG	ATT	CAA	CAC	CAG	CAT	CCA	CCC	CCG	CCT	CGA	CGC	CGG	CGT	CTA	CTC	CTG	CTT	GAA	GAC	GAG	GAT	GCA	GCC	GCG	GCT	GGA	GGC	GGG	GGT	GTA	GTC	GTG	GTT	TAA	TAC	TAG	TAT	TCA	TCC	TCG	TCT	TGA	TGC	TGG	TGT	TTA	TTC	TTG	TTT
chr1	4	11	12	17	10	3	3	14	9	3	11	13	4	1	17	9	2	7	14	2	2	2	3	8	1	4	2	3	2	5	18	10	14	6	3	10	11	1	0	8	4	5	1	30	31	4	18	24	24	6	6	2	2	9	4	5	20	8	26	31	1	10	32	16
chr1	11	3	12	8	7	7	5	5	9	1	5	34	3	3	18	9	8	4	13	11	9	3	5	1	0	1	8	7	3	3	14	2	9	7	5	8	4	3	0	10	4	11	1	27	29	13	19	28	6	10	18	6	16	5	6	6	16	5	29	21	5	14	20	5
chr1	7	7	3	6	13	10	8	10	3	7	2	7	9	20	5	10	9	23	11	22	23	15	11	14	3	13	6	10	4	15	15	9	4	3	1	6	13	18	6	9	4	6	5	5	6	8	8	9	4	8	4	10	16	20	7	10	4	19	7	9	7	10	11	11
chr1	12	2	5	26	8	5	2	7	9	3	5	11	33	16	16	23	6	4	4	17	7	1	2	8	5	0	1	6	15	8	2	9	9	2	4	17	2	2	2	3	5	1	2	5	9	6	2	18	18	14	15	28	14	10	6	17	13	5	5	13	18	16	16	23
chr1	11	5	11	19	5	3	3	11	5	6	3	16	18	17	12	19	10	4	5	14	9	1	1	7	3	1	2	4	10	8	5	17	6	5	2	8	3	8	2	3	3	1	3	8	18	7	8	18	19	9	12	25	16	6	4	19	10	8	7	22	19	13	22	19
chr1	10	7	9	14	7	5	5	9	11	7	14	9	18	7	18	13	3	3	11	12	7	2	3	6	3	2	4	3	7	7	14	7	18	5	13	19	5	4	4	8	18	8	8	12	8	6	16	13	9	11	8	11	10	7	1	12	23	4	20	19	6	10	17	8
chr1	4	24	6	11	15	25	9	28	3	6	3	7	4	8	13	8	17	18	9	11	23	2	8	7	9	2	5	5	19	4	15	12	17	11	2	3	4	6	1	5	6	3	5	10	12	10	5	6	7	25	2	7	13	7	3	10	15	5	11	11	6	11	9	10
chr1	7	33	4	7	10	34	8	34	7	4	4	4	0	13	11	7	18	20	12	18	36	0	8	2	5	0	5	8	14	7	18	6	22	14	2	3	2	4	2	0	6	2	0	12	5	12	5	7	4	19	2	3	20	8	0	9	23	2	11	5	9	5	7	9
chr1	10	28	3	8	4	29	9	36	3	3	5	4	0	15	9	7	17	23	11	16	34	2	6	0	5	2	6	7	10	6	20	13	18	12	1	3	4	2	2	2	7	3	0	12	5	15	5	8	3	15	0	4	25	9	3	12	19	2	11	10	7	13	8	7
chr1	5	11	7	8	11	14	6	23	3	5	6	5	2	14	2	9	12	15	9	12	17	4	13	9	5	16	3	3	23	17	15	20	7	6	0	2	7	11	4	11	2	3	1	14	5	9	8	9	7	22	3	5	12	14	4	32	5	9	10	10	7	22	9	4
chr10	23	8	15	12	4	8	5	9	19	7	7	5	25	7	10	18	14	7	7	8	7	10	3	8	7	3	2	9	5	7	6	11	14	5	11	14	11	3	3	7	5	5	4	7	8	10	6	7	7	6	5	26	14	7	10	5	13	9	8	10	6	12	18	26
chr10	25	12	17	16	11	7	3	13	11	4	11	9	11	9	19	16	17	7	5	12	7	1	4	4	6	2	3	5	7	3	5	13	21	6	6	11	10	3	2	4	9	5	4	9	7	7	7	11	7	9	7	16	13	5	7	7	18	8	10	9	13	13	14	25
chr10	8	7	8	8	5	8	7	14	7	4	12	3	5	7	9	14	13	6	8	10	8	3	5	6	1	5	10	6	9	7	14	18	5	7	6	5	10	6	3	11	8	11	9	15	5	10	15	14	5	14	4	12	14	5	7	17	7	9	12	21	16	19	11	30
chr10	16	14	7	12	13	12	15	8	11	10	6	15	17	10	10	7	10	12	14	4	11	4	5	6	10	8	5	4	10	6	9	10	12	8	6	15	11	6	4	10	7	7	4	6	9	3	13	9	11	14	15	13	5	4	3	11	13	6	9	10	17	4	6	16
chr10	17	8	13	12	9	10	4	9	12	9	9	6	12	11	12	9	9	7	11	10	12	7	3	13	4	4	6	6	10	11	10	15	16	7	7	12	8	7	2	10	10	8	3	5	5	5	8	7	8	10	5	10	8	11	10	14	17	6	8	8	6	16	9	32
chr10	19	5	15	11	5	14	6	6	15	16	11	7	10	3	7	11	9	10	9	3	9	6	8	5	8	3	9	8	4	4	9	11	16	8	11	10	13	6	9	9	13	15	8	8	8	4	10	12	6	8	13	7	4	2	5	8	9	3	16	12	12	8	14	35
chr10	9	12	9	19	13	4	6	12	10	2	5	7	10	21	13	14	20	12	6	13	17	10	4	5	4	2	5	9	6	8	8	13	7	5	5	10	4	5	7	5	5	7	5	5	10	7	4	12	12	6	4	16	17	17	3	13	8	10	7	12	12	14	13	23
chr10	42	8	12	13	10	6	8	11	15	7	3	8	27	10	8	16	13	12	8	11	7	11	4	9	6	3	1	8	9	9	6	12	10	2	6	9	10	3	3	6	3	1	1	2	10	2	6	9	10	13	7	28	17	11	3	10	3	11	2	9	12	20	5	21
chr10	20	13	9	18	9	11	9	8	9	5	6	8	17	14	13	15	15	10	9	13	14	9	3	8	10	11	4	3	7	8	9	9	11	5	5	9	12	8	7	6	5	5	3	8	10	4	9	6	14	9	5	19	12	7	9	11	6	12	8	9	13	13	4	8
chr10	9	20	10	18	10	9	3	17	12	11	7	9	16	11	7	17	18	5	9	10	6	3	3	9	4	2	2	5	10	9	7	17	14	7	7	9	10	5	1	6	7	3	5	7	8	6	7	8	16	7	13	14	17	4	6	11	14	6	8	8	16	12	15	16
chr10	15	8	29	17	11	6	10	6	24	8	14	9	14	9	23	13	16	4	5	11	8	3	1	4	7	4	5	4	7	0	7	6	28	8	17	18	9	4	5	5	16	3	4	6	9	4	5	8	11	13	4	13	8	3	4	5	24	8	6	6	11	7	9	9
chr10	23	12	10	14	9	7	8	11	10	10	2	8	9	13	8	17	14	8	8	13	11	4	7	8	6	4	5	10	9	8	5	16	11	4	6	8	8	6	2	5	2	4	2	4	7	8	3	10	11	10	6	12	15	13	9	14	11	3	3	6	14	22	7	45
chr10	17	13	19	13	11	6	7	3	19	13	16	15	7	6	12	12	17	2	20	8	9	5	0	6	6	2	4	3	2	3	2	13	20	7	13	13	13	4	6	3	15	9	10	12	8	3	8	16	8	5	11	3	13	5	2	8	13	2	16	5	11	16	14	15
chr10	6	8	8	9	8	12	8	11	14	8	19	12	12	6	10	8	7	9	11	5	13	6	8	3	8	4	7	7	5	6	12	8	10	12	19	14	9	1	5	9	17	5	5	16	17	7	17	9	8	10	15	8	3	11	5	7	16	7	12	15	7	7	11	6
chr10	18	13	7	18	7	12	4	12	9	6	6	5	11	14	7	21	6	9	7	13	7	7	3	15	6	3	4	10	10	7	9	16	14	3	6	10	6	4	7	0	6	5	1	10	5	10	5	11	18	10	6	12	15	9	9	15	12	3	11	7	19	17	12	18
chr10	7	4	16	15	19	6	4	9	17	7	15	2	13	7	14	15	14	9	12	15	9	2	1	4	5	6	7	1	4	2	14	8	13	15	9	11	11	3	8	12	15	9	7	16	6	7	11	8	8	10	4	8	11	5	5	3	11	12	19	13	7	8	16	14
chr10	6	7	9	5	9	14	13	10	6	12	7	6	6	8	13	6	9	11	9	14	9	14	13	6	13	15	7	9	15	3	10	7	6	13	8	8	15	9	11	14	10	11	6	8	4	9	9	12	6	15	5	6	10	5	7	5	7	11	15	11	6	7	12	16
chr10	14	12	25	12	5	13	4	9	18	8	12	3	6	8	10	18	18	4	5	6	17	3	6	8	4	1	3	7	11	5	7	9	20	8	7	11	5	7	0	6	5	3	2	20	7	9	11	15	11	7	4	13	6	11	5	9	19	6	12	13	11	9	22	13
chr10	36	13	19	6	14	8	10	8	12	11	7	5	6	9	4	9	18	16	7	11	12	6	5	12	8	14	5	5	6	14	7	13	16	3	3	6	16	14	7	7	6	8	6	4	2	3	8	8	4	8	6	6	10	7	10	13	2	11	6	7	9	14	7	25
chr10	7	21	15	5	17	23	4	6	13	14	4	14	4	6	10	5	23	6	18	9	12	4	6	13	6	0	10	6	1	3	2	24	15	13	9	10	10	5	7	0	17	7	6	12	5	12	10	10	3	9	4	1	17	3	5	11	11	1	22	5	7	15	17	8
chr10	12	8	23	11	11	5	6	9	24	8	17	10	17	7	13	11	13	4	10	7	6	4	3	6	7	2	5	6	2	10	6	8	19	15	11	18	7	5	5	4	18	6	8	10	10	6	5	12	10	4	15	12	10	5	6	7	15	5	12	7	11	5	15	9
chr10	13	8	6	23	11	9	9	9	15	4	6	6	6	19	12	25	12	11	9	14	8	1	5	6	7	7	2	3	11	1	11	11	17	8	8	13	6	2	2	9	6	3	4	9	9	6	2	9	9	11	8	12	21	8	3	10	18	5	10	8	14	16	15	17
chr10	23	14	11	16	16	4	7	8	15	6	5	4	19	21	11	20	15	7	3	18	6	5	3	4	5	3	3	7	12	5	6	7	14	5	6	13	5	4	2	9	6	5	3	8	8	5	14	4	12	9	10	23	16	6	6	9	12	6	11	12	15	6	10	15
chr10	28	6	14	21	12	3	3	10	16	2	11	8	21	9	14	23	13	6	3	12	3	2	1	6	4	2	1	2	11	7	6	12	12	6	6	13	4	3	1	5	8	2	5	8	7	5	4	10	15	10	14	21	15	4	4	15	9	7	6	8	21	17	6	35
chr10	22	4	14	13	16	7	6	10	9	9	3	13	19	7	11	13	7	14	7	9	6	11	5	12	5	6	5	6	13	6	10	13	10	2	6	13	8	10	6	6	2	7	6	4	11	3	7	11	14	19	7	16	7	6	5	14	14	8	5	9	13	16	8	14
chr10	16	17	10	22	14	18	3	3	11	8	7	9	15	12	15	15	20	8	9	17	16	3	3	9	3	2	3	3	6	7	4	15	10	4	6	8	8	4	1	4	6	7	1	8	9	6	4	12	19	9	10	10	16	6	4	16	8	0	11	11	18	17	7	15
chr10	8	16	12	11	8	21	12	7	9	7	4	13	6	18	8	6	14	6	8	13	16	4	3	10	10	1	5	9	7	0	5	24	14	15	3	12	7	3	2	2	5	6	6	10	11	9	15	10	11	11	10	2	10	5	8	17	19	1	12	13	10	13	17	8
chr10	10	15	13	11	14	17	3	8	10	9	6	10	7	12	10	11	24	6	13	13	17	4	5	8	9	0	3	4	2	4	7	23	11	8	3	12	10	8	1	6	8	8	5	13	10	9	7	9	5	13	6	3	15	5	7	14	7	8	20	8	8	16	19	8
chr10	37	8	22	11	9	11	0	5	11	7	8	12	18	9	11	15	15	5	2	16	10	6	6	9	3	2	5	4	8	11	8	8	14	6	5	5	5	8	5	7	5	5	2	13	10	8	7	12	12	6	9	21	14	7	3	14	11	11	10	8	12	9	14	8
chr11	10	6	12	11	8	6	7	2	3	10	13	8	10	5	14	9	6	6	5	11	8	6	9	4	11	9	17	11	7	5	6	6	11	7	11	13	6	9	20	8	16	16	17	16	7	11	12	13	12	4	6	4	6	6	12	10	12	8	18	8	2	13	14	9
chr11	13	12	11	9	9	7	17	5	12	9	8	4	8	10	17	4	18	10	11	9	12	10	11	9	8	11	9	11	9	11	7	9	12	7	7	6	17	14	7	8	6	17	9	9	8	8	7	7	3	9	4	15	9	11	4	14	6	9	15	6	6	9	5	4
chr11	15	15	11	13	12	9	8	8	8	6	9	7	10	6	12	12	15	15	10	11	17	8	9	12	6	11	9	7	5	8	9	11	16	1	2	5	15	17	13	4	6	17	10	2	8	5	3	7	8	5	7	11	7	12	3	9	4	15	7	7	8	12	9	19
chr11	17	8	8	19	15	7	8	7	10	7	9	5	17	6	7	13	17	9	12	10	9	14	13	10	7	16	12	6	10	12	9	6	8	9	5	5	12	17	13	13	7	19	10	4	3	3	7	4	10	11	7	9	12	8	7	7	3	13	9	2	7	12	4	3
chr11	14	6	12	7	4	4	11	6	11	8	12	9	6	9	10	22	8	5	7	13	10	4	7	7	6	1	4	13	4	5	10	11	14	5	10	9	6	8	4	10	12	10	4	8	14	4	7	16	3	9	11	18	13	12	2	7	9	9	15	11	17	16	17	22
chr11	23	11	12	25	8	9	10	8	6	7	6	12	29	12	8	19	16	8	5	11	7	2	3	3	10	3	4	6	7	4	2	11	9	5	6	13	14	0	4	4	4	7	4	8	10	7	12	5	23	11	8	19	11	5	6	9	13	5	9	7	15	8	12	18
chr11	24	11	10	10	13	4	8	10	10	7	3	8	15	15	13	7	12	9	7	17	11	7	4	4	3	7	2	10	10	9	14	11	10	6	3	6	9	7	2	15	4	6	2	4	10	8	11	12	9	9	8	17	12	8	8	15	8	13	9	19	8	11	11	13
chr11	7	7	6	0	12	21	1	21	9	12	0	29	6	3	9	2	3	19	19	11	16	0	14	6	11	3	1	11	25	20	17	4	10	6	17	0	13	3	0	12	1	0	0	1	7	31	16	3	0	23	8	9	11	12	11	27	12	13	1	16	3	6	0	1
chr12	3	1	1	3	0	2	5	18	0	13	0	45	2	3	4	12	1	8	13	9	2	1	1	9	1	4	5	6	11	7	12	15	3	7	8	3	19	1	2	10	12	5	1	24	30	11	24	17	1	9	36	6	9	9	8	8	8	10	36	7	9	13	21	14
chr12	8	13	12	9	10	7	10	9	9	8	7	10	9	13	9	8	18	8	6	13	12	6	9	10	7	13	5	13	4	9	13	12	10	5	9	9	9	16	6	7	4	8	10	4	13	11	6	7	6	10	8	8	13	8	13	12	13	9	4	10	6	13	8	14
chr12	27	7	7	11	30	23	6	10	7	7	4	4	12	6	11	7	11	32	6	8	17	21	4	20	5	6	3	7	15	10	5	18	7	9	2	3	3	9	5	6	4	4	0	3	8	8	2	6	7	21	7	14	7	9	6	12	5	6	4	10	14	10	7	13
chr12	0	0	1	4	0	2	6	20	0	13	0	39	2	4	6	10	1	13	10	10	2	0	0	10	1	3	5	7	14	6	21	9	3	6	7	3	25	1	2	15	10	9	0	25	25	13	26	15	1	9	35	5	7	9	8	5	8	18	39	8	8	6	20	8
chr12	12	7	11	12	10	9	4	4	12	13	3	10	11	11	11	19	10	8	10	14	9	5	3	8	5	6	4	8	4	14	5	10	14	7	6	8	10	6	9	7	5	5	6	6	11	3	11	13	6	5	11	18	14	5	7	14	13	8	9	14	13	12	17	23
chr12	9	7	9	18	9	15	1	6	11	13	0	13	6	8	4	14	19	7	10	7	9	3	1	14	6	0	4	3	3	5	3	38	11	10	6	6	9	1	2	9	10	4	2	12	7	10	8	14	4	7	12	1	16	8	9	20	7	3	22	11	8	30	28	16
chr12	20	14	8	10	10	11	6	17	9	4	9	7	19	12	12	11	13	11	6	11	10	2	5	5	6	5	3	8	12	12	9	13	7	7	8	12	7	3	3	8	7	2	5	7	8	9	5	10	12	12	7	21	14	6	7	16	12	10	5	10	13	10	11	14
chr12	5	6	7	17	7	7	4	7	3	4	5	11	22	10	14	21	9	3	4	15	8	0	1	10	1	3	2	4	11	5	6	19	4	7	3	7	4	3	2	11	5	1	3	12	14	3	8	18	17	9	9	28	12	9	3	13	12	11	11	16	17	19	22	34
chr12	9	7	16	11	7	3	8	4	13	9	9	17	12	12	14	16	5	4	12	13	7	1	3	4	9	2	8	4	6	6	7	7	15	6	9	23	7	6	3	6	13	1	3	12	12	9	7	18	14	5	11	7	12	5	9	12	18	10	9	14	7	11	23	16
chr12	20	8	15	12	11	9	5	4	9	7	9	10	17	7	16	13	9	10	5	18	8	5	3	10	2	3	8	5	3	6	3	14	17	1	7	4	11	6	7	6	8	5	8	9	6	4	7	19	9	10	8	19	13	6	3	6	10	15	5	12	20	10	16	27
chr12	14	6	3	6	8	11	2	8	6	14	3	6	6	27	5	9	6	14	14	30	17	7	2	21	1	6	4	21	6	22	10	13	4	1	5	3	13	8	4	10	3	4	0	4	6	20	6	6	5	8	7	9	26	21	23	12	3	11	4	7	11	13	4	9
chr12	16	9	18	14	11	7	10	4	26	7	10	9	14	5	13	10	19	8	10	8	11	3	1	4	10	4	8	6	7	6	9	4	19	6	14	10	15	3	12	11	8	18	11	6	4	9	13	8	3	9	10	10	8	6	5	7	5	12	15	13	7	5	10	5
chr12	5	3	12	3	12	4	12	7	14	16	13	8	3	8	7	6	3	12	12	6	7	8	10	7	16	25	10	8	7	5	10	7	10	13	23	6	10	19	27	11	14	11	7	13	10	3	14	7	5	7	4	9	4	2	10	4	8	15	15	5	5	4	12	5
chr12	11	4	11	18	5	3	3	11	5	6	3	16	18	16	12	19	8	4	5	14	9	1	1	7	3	1	2	4	10	8	5	17	6	5	2	8	3	8	2	3	3	1	3	9	18	7	8	19	19	9	12	25	15	6	4	19	10	8	7	23	19	13	23	21
chr12	6	5	7	14	7	4	3	7	2	2	8	14	18	11	14	22	10	5	8	12	6	1	3	5	3	1	1	10	5	5	7	21	4	2	4	16	6	4	0	5	4	0	2	10	14	13	11	13	12	8	7	24	16	6	9	21	17	12	5	17	14	23	19	33
chr12	13	11	9	11	14	8	6	12	8	17	6	4	4	14	8	9	19	9	14	7	13	12	16	6	5	18	6	13	13	12	9	9	4	9	6	5	10	17	10	14	4	7	1	6	11	5	4	10	8	11	6	12	12	10	11	11	6	9	5	7	9	13	6	4
chr12	7	11	6	14	9	16	9	4	6	4	10	12	12	12	11	7	13	10	11	7	12	13	12	9	13	4	7	10	2	10	4	14	12	11	7	10	8	4	6	7	9	10	5	9	11	11	8	12	6	6	8	12	12	13	7	10	12	7	11	11	7	9	18	8
chr12	3	5	8	2	5	9	10	12	8	6	9	17	6	2	10	8	2	8	8	6	8	3	11	6	3	4	10	13	10	4	8	16	7	9	9	14	7	8	3	14	8	9	2	17	17	11	20	18	6	14	15	4	4	8	6	6	20	12	15	20	6	7	29	13
chr12	14	16	10	17	11	13	3	14	17	4	4	5	12	27	9	11	23	7	7	16	16	9	6	9	6	2	3	8	9	8	10	16	13	8	8	12	7	1	1	5	3	4	2	5	3	7	4	8	7	10	4	14	19	17	9	15	15	4	5	5	11	18	6	6
chr12	12	13	8	13	17	11	5	8	10	11	4	3	14	10	1	11	16	16	6	5	10	13	8	14	6	6	11	8	6	18	8	19	9	2	9	6	11	10	5	6	3	11	3	4	9	3	4	8	10	9	5	12	5	11	13	23	7	4	3	9	7	21	10	25
chr12	13	14	7	15	22	19	3	9	10	8	4	7	8	19	14	8	19	21	15	17	24	8	4	16	0	4	3	4	8	13	11	10	8	8	4	5	4	8	2	7	5	4	3	6	8	5	3	9	9	10	3	12	23	17	2	9	10	5	8	8	10	14	3	9
chr12	25	7	11	18	11	7	10	8	14	8	7	9	22	6	12	10	10	5	10	10	7	8	6	10	6	11	3	9	5	3	9	10	9	7	11	8	11	9	12	5	8	6	10	5	13	2	8	9	17	17	5	14	7	7	1	4	7	12	9	9	13	8	8	20
chr12	9	13	13	11	13	9	7	12	16	6	7	4	7	8	8	15	18	2	8	11	12	6	5	9	7	4	6	4	12	4	7	16	15	9	8	10	4	6	1	9	7	6	4	15	3	8	5	18	4	18	4	6	10	11	8	9	12	4	15	11	10	18	22	19
chr12	16	12	11	15	15	9	8	12	12	2	3	9	7	14	18	12	20	7	2	13	12	2	2	3	6	3	3	1	8	3	12	15	16	14	7	14	3	2	1	13	9	7	10	11	4	4	11	13	2	11	6	9	12	6	2	10	24	7	21	11	10	9	21	11
chr12	33	16	16	17	16	6	5	9	11	6	3	8	17	10	7	17	13	9	5	11	6	2	10	9	7	2	4	6	6	9	4	18	13	2	5	6	5	6	1	4	4	3	3	5	6	5	6	12	23	9	2	16	11	13	3	15	5	5	5	10	21	18	8	30
chr12	23	14	20	13	12	8	5	9	13	6	8	9	4	9	10	18	18	8	6	7	11	4	2	6	7	1	5	6	6	6	7	13	19	4	7	12	2	4	4	6	7	6	4	13	6	9	8	17	9	8	3	9	15	7	8	11	15	3	13	12	13	17	18	15
chr12	16	5	10	30	9	3	2	6	10	3	9	8	24	14	12	30	11	6	2	13	7	1	2	6	3	2	1	7	13	8	2	9	11	2	5	15	6	2	3	5	7	5	4	6	7	3	5	10	22	7	13	22	10	10	6	16	13	6	8	4	20	17	12	32
chr12	8	8	11	4	3	8	10	5	11	6	28	9	5	10	11	6	4	4	7	7	7	3	4	3	7	4	6	3	5	6	12	10	14	6	24	12	7	2	4	15	27	8	13	24	10	4	17	15	4	8	12	9	5	4	2	10	11	10	25	11	13	1	17	19
chr12	5	7	7	13	8	7	5	8	15	9	20	3	11	3	14	10	5	7	11	6	9	5	6	7	5	9	9	0	6	3	12	10	16	6	22	11	11	9	9	13	23	11	22	18	4	3	15	8	6	8	7	8	1	6	3	3	12	13	23	9	8	4	16	15
chr12	28	8	17	9	8	4	8	6	15	6	17	7	7	6	14	4	11	5	8	11	7	2	5	5	6	8	6	6	4	4	14	9	19	9	13	7	8	8	9	12	15	16	16	5	6	7	13	10	5	4	7	4	12	5	4	8	12	7	13	17	3	12	8	29
chr12	20	6	9	9	14	9	8	6	7	11	4	6	11	4	5	7	8	16	7	7	12	10	4	11	5	8	7	10	5	6	22	13	9	7	5	5	9	10	15	15	7	9	3	4	5	8	9	22	7	8	7	6	2	9	3	14	7	21	9	24	7	10	25	10
chr12	23	7	10	20	6	5	2	7	8	6	7	10	13	8	16	11	15	5	4	11	5	11	5	13	3	4	7	6	6	7	10	16	8	4	9	7	10	9	9	7	6	11	4	6	10	7	9	11	14	4	9	10	14	9	4	12	11	14	9	15	8	17	14	20
chr12	38	18	13	19	14	8	5	9	8	7	10	10	22	12	10	17	13	7	4	18	8	3	2	9	5	2	4	4	7	7	8	9	16	5	4	8	8	4	2	4	9	3	3	6	10	5	4	10	20	7	14	16	12	7	6	9	11	6	4	9	18	10	8	10
chr12	14	6	12	20	11	13	3	5	10	12	8	10	17	12	7	16	18	13	14	11	18	10	7	7	5	1	3	3	4	2	6	12	12	7	5	13	10	11	1	6	6	11	9	7	4	6	12	9	8	6	9	7	17	8	1	6	16	4	14	11	5	12	20	15
chr12	15	8	10	10	8	5	9	9	10	7	12	12	6	7	12	12	7	6	15	10	6	10	7	7	13	5	8	8	6	8	5	12	15	9	11	8	9	9	12	8	8	17	5	7	9	6	12	13	6	8	5	9	15	6	6	7	12	9	12	12	7	13	17	11
chr12	17	10	16	16	12	13	6	23	15	9	8	13	10	4	13	8	18	19	6	3	23	2	6	1	10	2	4	3	19	7	13	7	17	8	14	7	8	6	2	14	14	5	5	3	9	7	6	4	7	17	9	9	4	10	5	8	7	14	10	7	4	9	6	7
chr13	12	4	8	12	8	5	3	8	10	11	3	14	12	9	8	18	8	3	14	15	13	10	4	10	6	3	2	5	8	18	7	16	9	7	5	7	11	6	2	9	6	8	3	7	13	7	12	5	7	10	11	13	8	16	7	22	6	7	16	11	8	19	13	20
chr13	13	13	12	11	11	7	9	10	8	8	8	8	9	12	9	10	22	9	6	11	12	10	6	12	4	10	5	8	5	12	15	8	7	6	6	9	11	16	4	6	3	6	10	8	10	6	9	10	7	9	8	9	14	7	8	12	13	13	4	11	9	11	8	15
chr13	10	9	10	19	7	4	13	7	7	10	10	6	23	7	11	12	10	11	4	13	6	5	7	4	6	5	10	9	7	3	9	10	8	2	12	11	15	9	6	9	10	10	7	11	5	7	13	9	20	8	7	10	10	4	4	9	10	14	11	8	11	10	10	24
chr13	30	10	7	19	19	13	9	16	7	3	3	8	16	18	11	13	19	18	7	18	13	2	3	10	8	2	3	6	11	6	8	12	7	12	3	5	11	2	1	5	2	3	2	7	9	8	3	6	10	17	4	16	18	11	6	6	10	11	6	5	11	10	10	13
chr13	15	17	9	17	11	13	4	14	16	3	4	5	13	26	9	11	22	7	7	15	15	9	7	8	9	4	3	8	10	8	8	15	12	8	8	13	8	0	2	5	3	5	2	4	4	7	4	8	9	10	4	14	17	17	11	14	13	3	4	6	11	18	5	7
chr13	16	17	9	18	11	13	4	14	16	3	3	5	12	25	10	11	22	7	6	15	15	9	7	9	9	4	3	8	10	9	8	15	12	7	8	12	7	0	2	5	2	3	2	4	4	7	4	9	10	11	4	13	17	18	11	14	12	4	3	7	12	19	4	8
chr13	22	17	17	20	22	8	4	16	19	3	8	12	25	8	14	18	23	8	5	12	7	3	2	3	4	2	1	3	12	2	4	11	13	6	9	15	9	1	1	5	6	8	1	4	10	5	3	5	19	19	10	18	10	3	3	5	14	3	9	4	19	6	9	11
chr13	9	8	11	13	15	6	4	9	5	8	13	6	7	5	13	6	13	10	11	9	13	3	3	7	3	2	13	5	6	7	9	13	9	3	7	4	7	10	12	12	7	18	24	33	11	7	25	5	10	13	4	5	8	7	4	7	8	13	32	4	7	7	10	0
chr13	6	8	13	11	7	3	8	4	15	5	8	13	13	12	17	19	3	4	8	12	3	2	2	3	10	2	7	4	4	8	5	9	18	7	9	26	4	3	4	3	20	0	11	12	9	7	9	18	11	3	11	12	12	2	9	16	15	7	17	14	11	12	22	16
chr13	18	9	6	5	17	10	12	12	5	9	9	4	6	5	13	9	7	15	6	12	3	7	15	5	15	19	14	12	6	8	6	10	9	14	8	7	13	9	21	9	10	13	10	8	11	6	14	3	4	13	7	9	8	4	11	4	8	11	8	10	10	8	4	5
chr13	21	11	15	16	9	12	7	9	18	6	7	8	23	9	3	13	13	9	5	15	15	7	2	11	5	5	0	6	9	18	7	16	14	4	7	5	7	4	1	7	5	1	0	5	10	3	3	11	15	13	12	12	11	12	6	23	2	7	4	8	10	21	9	16
chr13	30	9	8	16	9	3	9	4	13	5	6	11	12	4	10	14	2	8	9	12	9	2	4	6	8	7	7	9	6	7	6	13	14	4	6	6	6	6	9	8	6	10	11	8	13	4	5	16	17	4	12	6	7	10	9	14	3	7	11	11	8	25	11	33
chr13	26	10	12	18	7	5	9	4	10	12	5	11	11	7	11	14	13	6	9	5	9	6	4	11	7	9	5	10	7	4	10	8	15	2	9	8	15	10	14	6	10	8	2	9	11	5	7	12	11	7	8	12	2	9	4	8	7	16	17	6	9	7	18	19
chr13	7	7	10	16	5	8	8	6	8	8	8	13	22	11	8	12	10	3	6	10	10	6	3	8	8	1	6	7	4	8	8	15	12	5	13	14	9	4	4	8	8	5	10	10	9	8	14	10	11	12	8	13	5	9	7	13	21	11	9	11	9	6	22	18
chr13	5	17	17	7	9	0	8	1	11	31	0	30	0	16	2	8	20	0	19	19	12	0	2	1	2	0	7	23	18	21	1	2	16	1	12	0	8	1	6	23	4	7	1	0	8	17	11	18	5	0	24	0	29	14	16	17	12	0	4	1	3	22	3	6
chr13	13	9	15	15	5	10	5	10	19	4	9	7	12	14	12	13	9	3	11	9	9	6	6	8	11	5	4	5	6	9	15	6	20	12	7	17	3	7	4	10	11	4	8	10	7	8	9	8	10	6	6	11	15	6	10	7	15	11	12	10	8	7	12	13
chr13	34	10	13	26	10	2	3	10	14	6	6	8	29	5	11	16	13	4	5	9	5	4	0	5	2	2	4	4	6	3	8	10	13	5	7	7	7	2	5	4	6	4	9	6	12	7	10	9	23	6	9	19	9	6	4	8	10	6	6	20	10	11	13	38
chr14	0	3	2	3	4	2	8	17	2	16	1	36	1	5	6	7	4	14	14	11	6	1	0	9	2	6	5	5	13	3	26	6	3	7	7	3	25	4	0	16	9	7	0	23	24	17	23	13	1	7	32	2	8	10	10	6	7	16	33	12	4	9	13	9
chr14	14	8	16	15	7	6	9	8	12	11	5	9	20	13	9	10	11	10	6	15	12	13	12	5	10	7	6	12	4	6	9	11	16	3	9	9	9	15	8	8	9	8	6	3	6	10	5	7	13	9	6	13	14	8	6	9	6	14	9	3	11	8	9	8
chr14	21	17	20	16	19	19	2	5	12	10	9	10	12	17	14	6	32	15	13	17	27	9	9	9	5	5	4	4	6	11	3	5	10	6	6	7	13	11	2	5	4	7	3	5	5	10	6	3	11	7	2	9	17	15	5	6	8	9	3	5	6	5	2	2
chr14	7	6	6	21	5	2	5	9	5	2	4	10	23	12	10	26	9	2	4	14	8	0	1	6	2	2	4	5	3	7	7	19	6	3	2	11	5	4	1	7	6	2	1	11	15	5	8	19	18	10	9	25	11	9	6	14	9	11	11	21	21	16	27	28
chr14	8	7	16	11	7	1	8	4	14	7	10	16	13	13	15	17	6	4	9	9	4	1	1	4	9	2	6	4	4	6	7	9	18	7	8	27	4	5	4	4	18	0	4	11	10	8	8	18	10	2	14	11	13	3	8	14	19	8	13	13	10	12	22	20
chr14	17	9	11	13	6	7	6	9	8	4	10	15	17	6	16	19	8	5	6	11	9	2	1	3	7	1	4	7	2	4	8	7	13	7	7	17	8	2	2	2	13	2	2	14	19	11	14	9	12	7	13	17	8	3	10	7	16	7	15	17	11	7	17	31
chr14	3	7	31	2	3	6	9	9	34	5	20	25	2	1	12	3	2	8	4	1	5	1	2	5	9	1	2	13	6	4	9	7	33	9	25	14	4	3	6	8	21	2	4	13	24	8	16	15	5	3	25	1	2	3	8	4	17	13	14	12	2	4	19	10
chr14	21	5	9	12	8	3	10	6	14	3	5	9	28	10	12	10	8	4	5	9	0	2	9	5	4	9	17	8	4	4	5	13	12	9	9	16	12	5	9	7	16	7	14	10	8	5	13	10	6	9	8	23	6	6	10	9	12	14	11	9	5	12	16	9
chr14	26	16	12	15	18	6	11	9	12	6	7	8	22	8	9	15	13	5	9	12	9	6	3	4	6	9	7	6	8	4	6	10	19	6	5	11	5	8	6	7	7	4	7	8	8	5	6	6	12	17	6	16	7	2	8	8	16	7	5	3	13	8	10	25
chr14	32	11	16	13	14	14	6	8	15	8	5	5	19	10	10	12	15	10	3	14	10	7	12	9	8	6	7	9	14	7	2	4	15	5	8	9	8	4	5	4	5	5	10	9	9	8	5	9	10	16	7	15	9	13	7	6	9	2	7	8	6	10	9	11
chr14	10	11	13	13	10	3	16	10	16	5	6	11	16	6	32	10	6	1	5	9	3	0	2	1	17	1	4	6	6	3	9	5	18	18	8	29	2	0	3	8	9	1	8	14	19	8	11	11	13	9	12	13	6	3	7	4	31	7	14	18	6	3	17	2
chr14	12	8	0	15	12	11	10	5	4	9	2	4	11	12	7	15	8	15	8	16	18	9	16	10	4	18	11	15	8	10	8	11	2	6	6	11	9	16	12	13	9	10	4	3	4	7	11	5	12	9	5	3	8	17	10	9	8	13	9	5	6	15	10	9
chr14	13	11	11	16	9	3	9	11	14	3	9	5	14	9	9	21	12	6	8	7	2	2	4	3	4	2	7	8	11	5	7	10	10	2	8	9	6	3	2	8	2	8	3	28	9	7	18	11	16	12	4	21	16	3	6	11	9	7	22	4	19	15	8	26
chr14	8	10	20	8	10	10	7	10	23	9	6	12	16	8	16	5	14	8	18	10	11	7	6	9	7	10	2	5	8	9	11	4	17	10	7	15	15	7	5	7	9	10	4	8	6	12	11	7	7	9	5	12	13	9	6	6	10	5	19	11	4	5	7	3
chr14	21	11	17	11	7	8	6	9	11	10	11	10	10	7	10	11	14	6	9	7	8	8	5	12	5	8	5	3	9	14	8	16	15	6	8	7	8	7	4	10	11	6	15	6	9	4	1	10	11	7	7	13	13	10	6	16	9	5	7	5	10	20	7	18
chr14	10	17	7	14	16	10	11	10	6	7	10	8	15	15	9	10	21	9	10	17	19	8	1	9	7	4	6	6	1	6	9	15	11	9	4	11	11	7	2	4	12	6	3	9	11	7	6	9	6	12	10	7	11	12	9	8	10	7	11	10	8	12	14	6
chr15	5	7	26	4	6	4	5	12	40	1	33	19	5	5	8	5	4	8	3	4	3	1	1	2	6	1	2	5	10	4	6	5	29	8	32	8	2	0	1	8	17	5	5	30	32	6	15	10	4	4	32	7	9	2	7	3	14	4	17	8	0	6	14	9
chr15	0	1	26	0	3	6	0	3	0	17	0	29	0	14	0	1	13	7	15	14	13	0	10	21	3	4	0	8	7	35	13	22	13	1	1	0	4	8	4	24	0	0	0	0	0	11	11	32	0	3	4	1	29	30	1	29	12	19	0	17	1	30	24	4
chr15	23	10	23	11	9	7	9	5	14	11	9	10	12	14	16	8	16	7	6	9	7	4	6	7	9	5	9	7	5	4	7	8	24	4	8	16	8	5	9	5	11	4	5	9	10	6	3	14	4	10	7	13	14	8	6	7	18	7	6	7	7	11	12	13
chr15	14	8	12	7	13	11	26	4	14	8	8	12	7	5	8	3	12	16	9	5	14	7	13	3	18	16	18	10	4	4	8	7	13	21	17	5	7	13	13	11	17	9	3	6	5	14	8	7	2	9	4	5	8	6	10	5	7	11	6	6	4	6	6	10
chr15	17	9	15	7	13	11	18	8	13	7	6	7	12	14	9	7	14	22	4	13	16	14	9	6	9	15	8	6	6	7	9	10	10	15	7	10	10	15	3	8	9	4	3	5	6	7	4	6	7	4	7	12	14	5	8	11	11	10	4	5	6	10	8	13
chr15	33	18	17	30	15	11	5	10	15	6	4	9	23	15	14	22	25	6	6	9	11	1	3	4	6	1	1	5	11	3	5	4	16	5	7	9	9	2	1	2	9	3	1	4	12	3	2	6	24	12	4	26	11	5	4	7	7	4	11	5	21	6	6	6
chr15	29	9	15	10	10	6	8	4	7	8	10	11	10	7	14	10	12	3	10	11	7	5	7	6	7	11	6	9	3	13	9	8	13	5	3	9	11	8	10	10	8	8	8	10	18	8	17	5	9	11	8	11	8	6	8	13	7	12	10	18	8	7	7	9
chr15	8	11	7	15	17	29	6	7	8	11	8	9	11	7	5	3	19	30	21	6	32	14	8	29	4	10	3	5	5	20	11	7	8	7	3	3	18	20	2	2	4	10	2	3	4	3	8	6	6	10	5	2	9	21	6	5	5	11	6	4	3	11	2	3
chr15	40	12	17	8	13	8	13	6	16	9	8	6	16	3	6	11	11	11	6	7	5	4	11	3	9	6	10	12	5	3	3	10	15	9	6	11	10	4	11	7	11	9	9	9	13	7	9	5	11	8	10	10	7	7	2	5	5	7	11	8	5	8	13	28
chr15	14	3	8	5	12	9	6	9	6	6	7	9	11	9	11	10	6	14	7	16	7	8	12	6	6	14	8	15	5	7	11	10	4	8	6	10	13	8	15	10	6	14	6	7	10	7	22	8	6	11	7	10	11	8	10	7	10	12	12	16	9	13	6	9
chr15	26	7	11	12	5	7	8	7	11	10	12	4	14	9	12	11	4	8	8	11	9	6	8	4	6	14	8	7	3	8	10	13	19	4	11	12	10	8	13	14	14	8	18	8	5	4	8	4	7	8	7	11	7	6	6	9	15	13	10	2	10	8	10	16
chr15	7	11	11	10	12	16	5	5	7	4	9	13	15	10	6	17	9	10	7	18	13	9	10	12	10	6	6	5	8	9	3	14	12	8	4	8	6	6	3	7	7	7	2	10	10	13	9	8	11	9	10	12	13	13	9	10	8	5	9	12	10	13	16	11
chr15	12	6	9	13	4	4	6	10	12	10	6	6	13	10	17	12	5	6	14	11	12	12	7	8	5	8	6	5	6	7	13	14	13	4	7	13	11	15	4	10	8	8	5	12	6	4	6	10	11	8	4	15	9	8	7	12	12	14	16	3	13	15	9	17
chr15	5	9	11	8	9	2	11	2	10	3	18	18	15	4	20	12	8	2	4	11	4	0	1	2	5	4	6	5	2	0	6	3	7	7	14	15	6	3	6	1	18	6	21	31	30	7	19	12	13	6	20	17	6	2	2	6	10	3	31	14	9	5	13	18
chr15	15	7	10	10	8	5	8	9	10	7	12	11	7	7	12	13	7	6	15	9	6	10	7	7	12	5	7	9	6	7	6	12	14	8	10	10	9	9	13	8	8	17	5	7	9	5	11	14	6	9	5	10	14	6	5	7	12	10	12	12	9	13	17	12
chr15	21	4	21	17	12	3	5	7	27	9	11	8	14	8	14	15	16	5	7	8	9	3	3	3	8	2	4	4	5	4	13	8	20	8	21	12	8	6	3	9	18	8	10	4	10	8	3	5	6	10	7	14	7	6	7	11	7	7	15	10	8	11	9	12
chr16	7	4	7	8	7	3	3	13	8	14	1	21	10	7	6	16	6	6	13	13	10	5	4	8	6	2	6	6	8	15	6	16	9	7	6	6	14	5	2	10	9	7	2	13	17	8	18	8	4	9	18	11	7	14	11	15	5	8	22	11	7	17	16	17
chr16	11	13	12	12	12	7	8	12	7	8	7	9	9	8	11	10	17	12	5	11	12	5	7	12	5	13	7	9	5	11	15	10	13	5	8	8	10	16	5	7	6	9	10	5	8	9	6	8	7	9	6	6	11	8	14	10	16	9	6	8	6	15	7	15
chr16	21	19	17	19	23	9	4	16	19	3	7	11	25	8	14	18	23	8	5	12	7	3	2	3	4	2	1	3	12	2	5	11	13	7	8	16	8	1	1	6	6	8	1	3	9	5	4	4	19	18	10	18	10	3	3	5	15	3	9	5	19	6	8	11
chr16	3	8	5	13	3	11	4	3	9	9	23	6	19	4	8	17	5	2	6	17	13	4	3	6	5	1	2	3	0	3	16	3	13	6	26	9	7	6	3	11	24	9	6	18	9	4	9	27	8	5	10	9	6	5	1	2	16	8	26	22	4	4	39	12
chr16	11	5	11	12	7	2	6	8	18	6	16	18	15	4	9	14	5	2	10	7	3	2	2	1	3	2	3	10	6	5	7	8	10	6	12	9	5	3	4	6	7	5	1	20	29	7	21	19	13	10	25	13	9	2	6	11	9	5	13	28	11	12	18	11
chr16	18	10	12	10	10	10	3	9	7	9	8	10	3	15	5	17	15	12	9	6	10	9	8	14	10	6	3	5	6	7	10	17	9	7	8	8	12	11	7	3	5	6	6	5	8	5	10	7	8	3	5	15	11	11	6	14	10	12	5	10	14	15	12	27
chr16	18	11	10	6	6	9	10	7	7	15	7	10	6	10	5	6	12	9	14	7	9	7	8	11	9	8	11	13	3	7	9	14	13	7	6	5	18	8	12	8	8	16	10	7	8	6	12	13	1	5	9	9	9	11	11	7	7	7	13	9	7	15	11	16
chr16	40	12	16	12	10	7	11	8	14	7	13	4	14	7	10	9	9	9	12	12	10	6	16	6	10	12	6	12	5	6	5	6	18	9	5	5	11	17	6	5	8	14	11	6	10	7	6	5	12	6	5	11	11	8	7	3	5	6	9	6	5	9	6	10
chr16	35	5	20	15	7	5	11	2	19	11	7	12	9	5	8	8	13	8	9	2	2	1	6	8	10	14	5	7	4	4	4	14	16	10	11	11	13	4	10	12	12	10	20	5	4	4	15	8	11	2	8	2	10	7	9	4	7	5	15	7	6	17	7	26
chr16	15	6	17	13	4	6	6	9	11	5	10	6	5	9	17	11	12	3	5	6	7	3	7	8	2	8	8	10	9	4	21	11	19	6	7	16	8	11	3	13	10	8	7	10	6	9	8	13	5	10	3	8	7	5	12	15	25	13	10	10	6	17	12	12
chr16	21	12	6	10	7	16	7	9	4	7	9	5	8	9	8	15	8	14	11	13	16	16	12	12	7	13	2	11	4	11	14	9	9	4	5	5	15	15	5	7	4	5	2	6	8	5	7	12	11	9	3	12	8	8	9	10	8	17	4	10	15	10	10	14
chr16	15	11	6	13	10	7	7	8	9	8	11	7	7	8	7	11	11	5	9	6	2	5	11	10	6	6	14	10	10	5	10	17	12	7	9	5	13	10	10	11	13	12	9	9	8	7	11	8	6	9	11	10	6	6	8	13	5	18	9	8	11	13	12	17
chr16	6	8	6	11	8	5	6	8	13	4	9	12	10	9	11	20	4	6	10	7	2	2	4	2	10	1	9	5	1	12	9	9	18	6	10	19	3	0	8	3	18	2	11	17	14	6	13	15	3	7	12	13	14	3	6	18	12	7	19	15	10	14	20	23
chr16	20	4	8	16	9	6	8	5	7	4	4	11	8	11	14	18	13	11	6	10	8	8	6	11	2	7	3	10	9	10	13	11	7	4	8	10	10	10	6	12	3	6	4	3	8	3	9	14	8	9	4	16	13	9	2	15	16	21	5	10	12	15	16	19
chr16	16	12	12	9	11	15	6	21	11	14	17	12	3	7	12	7	12	12	26	7	22	0	3	2	7	1	1	10	21	5	13	3	14	14	7	7	15	7	7	13	14	9	7	4	8	6	11	6	7	15	9	6	9	5	3	6	10	18	9	6	5	5	6	0
chr2	20	14	6	15	7	11	5	9	8	9	4	10	16	12	8	22	13	5	7	17	11	8	8	13	6	4	4	4	8	4	6	16	13	5	3	11	13	7	4	4	3	7	1	5	10	5	5	7	9	8	15	16	11	14	1	8	15	8	7	8	14	12	19	20
chr2	19	10	16	14	7	8	7	10	10	9	16	9	11	13	11	16	14	6	14	18	15	1	3	5	10	7	5	4	1	6	9	8	18	8	7	14	18	7	12	4	18	9	10	6	8	3	9	4	7	8	7	5	12	8	4	5	10	16	12	5	7	7	14	4
chr2	10	38	6	19	44	13	8	9	9	13	3	9	16	11	8	9	43	12	21	11	22	12	3	4	3	5	2	7	9	6	5	6	9	4	4	4	12	4	2	7	3	3	2	4	11	7	1	5	11	20	3	10	9	12	4	6	6	4	5	4	8	6	5	7
chr2	36	11	7	17	14	9	7	3	13	5	6	10	30	7	9	9	11	11	5	12	8	7	8	7	7	17	4	6	4	5	6	13	12	6	10	5	7	10	12	8	7	5	3	7	6	6	5	11	12	5	12	21	10	4	7	10	6	10	9	5	10	13	10	10
chr2	22	9	11	8	5	5	2	8	11	12	10	15	8	8	6	9	9	6	14	8	9	4	5	11	4	4	6	6	12	5	9	17	10	2	9	5	11	10	9	10	7	11	5	8	7	8	11	17	9	3	14	11	12	10	4	14	4	13	10	14	10	18	15	19
chr2	31	6	18	8	9	8	7	6	9	9	8	11	5	8	7	13	7	9	10	11	5	12	8	6	7	3	13	4	3	3	10	11	17	9	5	4	14	4	7	7	10	11	9	13	9	7	10	13	9	6	4	10	9	7	5	8	9	9	12	11	12	11	14	28
chr2	21	15	13	16	17	7	7	12	13	8	5	8	16	14	6	26	21	7	8	12	10	2	5	4	8	1	1	8	11	7	4	7	13	5	5	17	5	3	2	6	8	2	1	2	9	3	4	14	10	16	8	17	16	9	4	7	11	4	6	12	15	13	19	12
chr2	8	14	9	15	8	8	6	14	8	5	5	12	21	11	5	13	16	8	7	9	8	6	3	7	3	2	2	8	9	9	10	19	5	2	4	11	5	2	4	6	6	4	3	7	9	10	5	16	17	12	10	15	19	8	2	20	5	6	10	13	16	19	14	25
chr2	34	8	6	19	10	10	5	10	12	5	5	12	15	11	10	11	7	7	7	9	8	4	3	11	4	5	5	6	12	11	7	13	15	3	12	7	3	5	2	9	14	5	7	2	11	5	6	9	12	17	9	12	8	7	10	13	7	4	11	11	12	11	10	27
chr2	21	8	14	19	8	8	6	8	18	4	4	9	18	12	12	16	18	8	5	10	9	5	5	5	9	4	3	4	7	6	6	9	11	8	6	17	11	5	3	6	4	10	10	5	3	8	5	13	13	6	10	12	13	6	6	9	11	7	12	11	13	8	18	20
chr2	23	8	14	20	11	7	4	6	18	7	11	7	13	12	13	16	15	3	9	9	7	1	2	9	6	0	2	3	11	2	7	11	12	7	8	14	6	5	2	8	10	3	6	12	8	4	6	16	15	10	12	11	11	6	3	8	7	11	12	12	16	10	16	24
chr2	28	14	9	21	11	9	12	10	10	9	6	10	20	13	11	12	17	5	16	12	14	7	3	9	11	5	0	5	8	8	10	8	10	8	4	14	11	5	4	7	5	1	0	3	10	5	4	9	17	15	6	9	14	12	2	8	10	11	3	10	9	10	9	10
chr2	18	10	4	18	6	6	4	8	6	4	3	4	14	27	13	18	8	8	4	32	17	5	1	12	3	3	2	6	8	10	6	19	9	2	2	6	4	7	3	6	5	3	4	8	7	7	6	8	16	4	7	16	25	17	6	17	4	10	11	10	14	21	10	16
chr2	13	13	9	14	12	6	8	12	10	8	8	10	16	6	9	15	12	5	9	8	5	10	6	5	6	6	3	7	8	8	8	14	12	4	8	9	8	4	2	11	9	2	1	7	13	4	5	15	12	15	10	16	9	6	6	10	8	9	7	13	16	13	15	30
chr2	12	10	16	23	11	2	0	11	9	9	5	8	17	9	18	19	19	1	6	14	10	7	1	7	1	0	4	1	10	9	5	11	11	5	1	9	8	2	3	8	5	4	6	11	8	4	6	19	19	8	8	17	11	15	2	9	10	8	11	17	17	15	17	19
chr2	23	9	5	24	7	11	12	6	10	5	9	9	21	11	10	14	9	3	8	8	10	4	4	3	6	4	5	6	9	3	4	13	16	6	11	7	6	2	2	11	9	3	5	13	12	4	12	10	13	18	9	17	5	4	3	9	15	9	11	10	15	3	19	24
chr2	4	3	4	6	3	2	1	2	6	14	8	6	3	0	5	10	0	1	8	7	3	1	0	7	0	4	2	1	1	2	17	32	6	1	14	4	10	5	6	41	4	6	6	7	12	1	26	43	7	3	8	1	1	3	0	2	15	38	7	67	3	3	79	6
chr2	18	9	14	7	14	5	6	13	17	8	9	11	8	7	15	14	8	10	15	13	9	3	2	5	5	6	5	6	9	10	8	8	13	7	11	11	10	7	7	7	10	9	8	7	10	5	7	9	10	12	5	13	13	4	7	10	10	8	12	7	13	12	7	20
chr2	26	10	15	18	11	5	8	11	17	4	8	11	14	7	16	15	10	5	9	9	8	2	4	6	6	4	1	6	8	4	8	11	22	6	4	12	8	6	2	2	8	8	5	9	13	7	6	11	10	14	12	13	6	7	4	12	13	2	16	11	14	11	12	15
chr2	17	2	9	15	4	4	2	8	5	5	2	9	10	39	5	42	7	5	7	42	7	2	3	5	4	4	1	7	7	6	6	7	11	2	1	7	4	5	2	4	5	2	0	1	8	8	1	12	8	9	4	32	45	6	9	9	7	4	5	12	28	17	16	16
chr2	47	11	18	11	8	6	8	9	15	11	3	10	19	9	10	21	15	4	10	11	10	3	3	8	7	8	3	5	11	6	5	6	17	6	6	9	5	8	7	7	5	4	7	5	11	5	4	5	9	10	5	28	17	7	5	4	11	4	8	5	11	12	9	11
chr2	13	16	17	10	12	19	5	9	24	13	8	10	4	7	13	11	8	10	19	10	12	7	8	5	7	2	7	4	2	4	11	10	27	14	10	9	13	4	1	8	14	7	2	8	9	4	9	10	8	5	9	5	10	2	6	5	15	4	14	10	12	9	10	8
chr2	11	7	7	16	8	10	9	2	6	6	8	5	18	12	9	23	8	6	3	17	6	6	8	14	8	3	2	8	8	10	7	17	10	6	6	11	5	8	2	7	5	6	3	6	8	4	7	11	12	10	9	18	15	11	2	19	14	7	6	11	15	21	15	20
chr2	12	5	6	12	10	14	5	6	6	7	8	12	11	15	7	13	7	10	10	13	7	4	10	12	11	1	4	9	8	7	7	18	8	9	6	12	7	1	4	6	6	5	7	4	11	10	7	13	8	11	11	10	16	14	6	16	12	5	3	16	10	20	14	23
chr2	20	10	10	17	5	8	5	14	10	7	16	7	11	10	14	14	10	3	9	11	10	4	5	7	4	4	1	10	9	9	13	6	17	10	13	12	8	4	3	7	21	3	5	7	11	6	14	7	10	9	8	9	10	10	6	9	17	8	14	13	6	10	11	7
chr2	16	9	10	21	10	13	4	7	10	9	8	8	17	14	10	12	11	12	9	10	11	4	7	10	6	6	2	4	7	9	9	12	17	3	8	6	9	10	3	8	9	8	4	7	9	6	8	6	12	9	8	16	12	5	4	13	9	7	14	10	12	5	13	21
chr2	38	14	20	13	13	3	5	3	14	17	8	6	13	13	10	12	18	5	6	10	7	1	1	8	6	6	2	10	11	6	11	9	16	2	9	8	10	10	11	11	6	6	8	3	5	4	6	10	13	3	10	17	9	3	7	14	9	14	5	6	14	10	7	13
chr2	14	11	11	14	7	9	5	8	12	11	4	12	7	7	11	16	18	7	10	13	17	7	2	7	4	3	2	9	1	11	9	9	9	8	7	12	14	8	6	2	8	4	7	9	10	13	11	11	9	3	11	2	10	9	5	13	12	12	16	15	6	6	24	18
chr2	9	9	11	10	6	8	8	7	6	3	12	10	12	14	10	17	13	8	8	9	10	3	0	8	5	2	6	4	10	4	11	17	9	3	6	7	10	5	3	9	6	10	16	13	9	8	5	13	8	9	5	27	12	5	6	18	8	12	11	8	18	16	13	20
chr2	6	8	4	9	10	10	10	4	3	7	9	7	6	18	9	11	11	14	14	17	19	5	6	8	8	3	6	12	6	6	6	18	8	4	3	7	17	5	5	6	6	10	4	10	7	15	8	12	2	9	5	11	10	18	8	18	5	13	11	13	8	15	19	16
chr2	25	12	13	14	20	4	6	5	8	5	10	16	15	11	14	8	15	6	14	8	1	5	5	5	5	5	5	7	7	7	4	11	10	7	5	7	9	4	6	6	8	8	5	9	14	5	8	16	13	10	7	19	13	3	5	13	8	7	10	11	13	11	11	21
chr2	23	32	9	20	38	11	3	7	3	17	7	9	9	12	4	14	46	16	17	11	17	9	5	11	2	9	0	2	6	13	3	6	8	2	5	2	21	8	4	5	5	4	3	3	4	3	3	7	7	9	5	6	14	14	1	5	8	8	5	3	8	6	13	8
chr2	20	45	10	13	44	11	3	8	6	43	7	9	7	7	4	7	61	6	45	6	17	2	1	5	2	2	1	0	6	5	2	5	5	5	4	2	48	4	1	4	3	7	1	3	1	1	4	10	2	10	5	4	10	8	0	1	5	5	5	4	7	6	9	4
chr3	39	15	12	19	18	12	5	7	13	10	10	11	15	7	11	15	19	16	16	8	19	7	5	8	10	1	1	2	3	7	6	7	16	5	7	14	12	10	2	1	8	4	3	4	7	5	6	6	11	5	9	7	10	10	2	7	11	10	5	7	7	10	10	13
chr3	6	8	8	10	5	4	5	12	8	8	8	9	10	9	9	17	9	2	9	13	7	3	1	11	1	5	6	5	15	10	9	16	12	4	6	8	10	5	1	15	11	3	7	17	7	8	12	15	5	11	10	14	11	10	10	12	10	15	17	11	8	16	23	16
chr3	16	17	16	15	19	3	4	8	23	7	12	11	15	18	10	13	21	6	15	13	7	5	4	2	3	12	4	3	3	8	4	9	14	7	13	17	14	4	4	6	16	5	3	3	7	5	5	7	13	4	9	11	15	5	10	8	9	4	8	7	12	7	9	11
chr3	13	4	15	12	6	4	5	6	9	11	12	21	9	9	10	16	11	7	9	9	10	5	2	7	6	2	9	4	6	3	3	11	9	4	18	10	9	8	10	1	17	7	8	14	13	10	18	8	11	6	11	13	11	7	4	9	9	8	16	10	13	9	13	18
chr3	13	10	8	11	12	4	3	12	6	10	7	10	9	7	15	16	11	10	12	13	10	4	3	9	1	5	4	6	4	12	8	22	15	4	4	10	7	5	5	11	8	5	6	5	11	12	10	4	3	7	9	13	18	12	5	14	18	8	7	16	8	18	16	17
chr3	13	14	10	10	9	7	8	14	10	8	4	10	12	13	12	10	13	10	5	16	7	7	6	11	5	3	3	12	10	15	5	17	13	4	5	6	6	7	3	9	7	6	3	5	14	8	8	9	8	10	12	15	22	10	6	13	6	8	11	12	9	15	12	7
chr3	28	9	15	19	8	12	3	11	11	11	5	12	23	11	15	13	12	5	4	13	8	6	6	5	6	2	6	4	7	2	9	9	16	5	8	13	11	0	6	4	12	3	2	9	14	4	9	9	15	15	12	16	7	7	3	7	13	5	13	11	14	7	9	9
chr3	21	9	21	16	11	2	7	13	14	5	13	12	20	7	16	15	8	4	6	16	5	2	3	5	9	2	3	2	12	5	5	9	17	11	10	13	7	3	4	6	10	6	8	6	6	4	7	10	21	9	8	13	11	8	2	7	18	7	6	6	13	12	9	22
chr3	20	7	8	14	9	7	5	5	6	4	4	14	10	7	11	16	8	5	5	9	7	6	6	7	9	5	8	4	7	8	9	13	11	8	6	10	6	6	10	6	9	3	6	8	6	5	11	19	10	6	9	11	5	7	5	19	11	15	8	15	13	16	18	37
chr3	23	8	25	20	5	5	4	19	18	13	7	7	25	6	9	16	18	2	7	8	11	5	1	6	5	0	6	2	9	7	9	14	17	11	4	11	9	7	3	6	6	3	4	6	6	3	5	8	18	12	9	17	10	6	5	8	14	9	2	7	16	13	9	14
chr3	5	9	10	7	4	13	12	10	6	7	1	12	10	4	6	7	10	8	7	4	16	11	8	13	10	7	7	17	4	10	9	19	10	14	3	8	2	10	10	7	6	9	8	9	9	15	9	14	6	8	6	8	8	14	11	12	13	6	16	9	4	16	20	15
chr3	4	11	6	7	11	11	8	12	2	8	6	4	4	10	9	12	14	16	7	15	13	6	8	9	4	11	14	6	6	15	11	15	5	4	3	10	16	5	10	11	14	15	13	5	7	6	3	10	5	11	4	3	12	13	9	15	2	8	14	11	7	18	12	22
chr3	8	11	14	9	13	7	13	7	19	7	10	9	15	4	17	12	8	7	7	9	7	2	5	3	8	4	6	15	7	4	8	3	20	8	18	20	5	7	6	6	20	3	5	8	8	11	16	8	7	14	6	10	6	1	9	6	19	10	15	11	7	3	13	14
chr3	6	7	8	6	8	8	4	6	8	7	20	5	5	6	5	19	9	5	9	18	14	4	5	7	6	6	4	5	5	4	20	12	9	11	14	8	13	10	9	15	18	15	12	11	6	7	11	8	3	3	9	3	6	8	3	13	10	20	20	10	2	13	24	13
chr3	13	23	9	13	28	14	10	8	0	10	4	4	8	13	7	11	29	24	4	12	18	5	5	8	5	2	10	5	10	10	9	8	6	5	1	6	4	6	4	6	5	4	15	13	3	13	4	14	10	8	4	8	19	12	3	15	8	4	7	12	9	13	11	7
chr3	10	23	11	11	16	5	12	25	5	10	3	14	15	15	10	7	23	8	12	14	22	2	2	4	10	3	2	3	16	7	14	11	8	9	7	11	7	9	2	10	9	2	1	2	9	4	12	4	14	17	2	11	12	14	2	9	11	13	8	10	4	11	6	3
chr3	16	14	9	10	11	11	7	14	11	11	3	6	20	12	5	20	15	10	11	18	14	2	3	6	4	2	6	4	13	9	6	12	5	4	5	13	12	3	2	5	4	4	4	5	5	5	4	10	13	15	6	16	16	9	4	15	8	5	4	9	13	18	11	31
chr4	13	6	18	11	7	7	6	14	17	10	8	4	10	8	9	19	14	7	7	4	10	4	2	16	6	3	3	5	8	10	10	20	13	6	6	14	4	10	3	7	5	4	1	8	10	4	5	9	8	15	8	17	11	11	6	11	10	7	6	11	21	17	10	24
chr4	15	15	5	15	11	14	3	15	10	3	3	10	14	15	9	12	16	14	8	16	20	11	6	11	2	6	2	4	7	11	7	20	9	3	6	8	9	6	3	6	4	6	2	4	9	4	5	7	10	11	7	11	14	17	2	13	10	9	9	7	9	16	14	18
chr4	10	5	11	14	2	3	9	6	10	10	10	7	7	7	11	16	13	6	8	7	6	3	9	7	7	13	12	8	0	12	9	7	10	5	14	11	14	10	15	10	11	13	9	10	10	6	14	10	7	4	4	9	12	9	7	5	12	13	12	15	7	7	18	20
chr4	19	20	7	14	11	21	4	6	4	6	7	4	8	18	11	7	30	13	4	14	30	12	7	22	2	4	3	7	10	26	9	6	4	2	5	2	6	10	1	11	2	4	2	10	10	7	3	6	7	7	5	13	14	28	4	13	5	14	6	5	4	8	7	7
chr4	5	3	12	12	0	5	19	5	19	4	19	13	12	3	26	0	2	5	1	2	5	0	2	2	14	2	1	12	2	1	7	6	16	13	29	20	2	1	8	10	23	14	15	21	23	0	22	17	9	8	13	7	3	3	0	0	22	1	38	15	0	2	21	1
chr4	36	12	23	24	12	7	6	6	17	8	9	9	23	5	12	16	10	6	6	8	7	2	2	4	8	2	3	6	8	7	5	9	27	6	9	13	5	1	4	6	12	1	6	8	6	7	12	3	23	7	5	11	6	5	7	13	18	5	9	4	9	12	7	13
chr4	9	7	7	11	6	7	4	8	8	9	7	6	5	16	14	8	10	7	7	11	12	6	4	12	8	1	7	7	6	9	10	21	8	7	9	12	7	6	8	9	11	9	5	13	10	7	12	12	7	4	7	9	10	15	7	17	9	11	19	15	5	17	18	13
chr4	4	10	7	9	5	10	3	14	4	8	3	3	11	15	11	12	10	8	3	15	17	10	6	16	8	3	3	5	6	12	17	21	9	4	2	6	5	13	3	12	2	6	4	9	11	5	12	8	8	10	6	19	9	16	7	14	7	16	11	19	14	14	13	15
chr4	9	10	11	10	6	8	0	3	23	1	16	5	5	9	8	14	9	2	11	10	15	11	10	0	3	2	11	10	7	7	3	5	13	2	13	7	1	9	6	11	4	11	1	43	9	5	34	15	9	3	10	9	10	9	10	8	5	13	31	4	10	16	8	5
chr4	25	12	9	11	12	12	7	8	10	5	3	11	17	8	13	12	9	13	5	14	13	13	13	11	6	13	6	5	10	9	3	10	10	6	7	7	9	7	6	6	6	3	1	8	10	6	6	8	13	9	8	18	7	17	4	7	8	7	8	6	11	12	7	22
chr4	16	13	25	4	11	8	8	10	21	4	11	6	0	5	3	8	15	9	6	4	15	1	7	7	3	5	6	10	5	8	20	11	21	8	9	3	0	7	1	18	5	4	3	24	10	17	12	16	6	7	2	5	8	14	8	9	12	13	16	14	5	9	21	6
chr4	19	5	7	25	7	9	8	5	5	4	5	8	30	10	14	16	12	9	6	18	15	10	5	8	7	7	4	3	5	7	7	10	8	8	3	9	6	5	3	7	9	3	2	4	5	7	5	11	18	7	6	18	17	14	5	9	7	7	7	13	9	21	8	27
chr4	17	18	8	16	10	15	4	13	11	5	3	8	9	14	7	13	18	10	4	15	12	8	4	12	3	1	7	9	4	8	12	16	8	6	8	10	8	4	4	3	6	5	4	11	9	12	9	6	15	8	7	2	17	9	8	12	13	8	12	8	10	12	13	17
chr4	10	9	13	11	10	11	7	10	21	12	7	5	12	6	14	5	17	12	12	4	12	10	14	7	2	15	7	7	4	13	10	7	12	7	15	13	9	17	6	10	13	6	11	7	9	4	13	3	4	10	5	9	14	5	4	7	11	9	12	10	3	7	5	12
chr4	20	11	20	13	14	6	11	4	24	12	17	5	14	6	9	14	9	7	13	9	8	6	2	3	10	5	9	7	8	2	6	4	19	10	18	11	7	7	13	6	12	12	14	11	8	5	8	6	16	7	7	10	9	0	5	7	12	4	9	4	9	8	7	9
chr4	8	6	13	14	6	2	9	7	14	3	4	16	15	16	13	17	4	4	6	12	2	2	1	2	9	2	6	5	6	10	9	10	19	7	7	21	4	1	4	3	14	1	12	11	9	10	9	16	10	7	11	14	14	2	8	23	17	6	16	12	12	11	19	15
chr4	39	13	20	15	7	5	14	3	18	6	14	12	13	5	14	5	13	3	5	6	3	5	8	7	8	7	11	8	6	1	5	8	25	7	10	12	12	6	7	6	16	9	12	8	12	8	11	5	10	6	15	4	5	7	5	4	12	9	8	8	3	7	7	15
chr4	26	12	7	10	13	4	4	8	4	9	7	3	5	4	11	12	9	12	5	10	6	12	8	13	2	4	10	9	5	7	10	16	12	0	4	7	12	9	7	7	7	8	9	11	9	6	14	13	8	5	7	5	5	14	6	10	9	14	9	19	6	18	17	34
chr4	21	8	12	18	10	5	3	10	10	8	7	10	18	8	13	6	11	3	9	8	8	11	10	10	6	8	3	4	10	8	4	20	10	5	6	8	6	10	2	13	5	5	1	8	9	6	11	11	17	12	8	11	7	14	6	9	8	10	8	15	11	13	13	20
chr4	0	5	1	4	11	21	16	5	0	6	0	11	9	23	2	3	11	26	13	17	14	5	3	23	7	0	6	22	1	14	16	25	0	7	0	1	19	2	3	8	1	6	0	0	17	11	2	13	0	15	3	15	23	17	13	20	0	20	1	10	6	25	11	9
chr4	0	6	0	5	13	22	23	4	0	5	0	8	9	29	3	1	11	33	13	21	17	4	5	23	6	2	5	26	2	19	15	18	0	6	0	1	18	3	0	8	0	4	0	1	19	15	0	8	0	17	0	15	29	20	11	19	1	18	0	7	2	16	9	3
chr4	9	13	12	13	23	7	12	7	12	5	2	8	16	12	18	13	16	14	7	18	9	4	4	8	3	6	6	5	13	6	10	11	7	7	4	15	12	9	0	9	10	7	5	5	7	7	7	5	15	15	5	13	11	4	4	16	8	12	14	8	12	10	7	6
chr4	8	11	6	12	14	16	8	6	10	14	7	5	15	6	7	10	12	16	10	11	17	18	11	13	8	10	5	15	8	12	4	7	9	5	9	4	10	14	10	6	4	7	3	7	10	9	7	7	8	12	11	11	8	11	9	6	5	9	6	6	9	8	8	18
chr4	14	16	7	12	8	17	1	4	9	15	1	12	11	14	9	9	14	5	11	17	13	3	1	9	5	0	2	6	10	6	6	22	11	4	10	5	9	3	4	4	7	3	1	12	10	17	6	11	10	6	9	9	17	2	7	27	9	2	19	14	3	16	23	19
chr4	18	6	9	14	10	7	6	5	8	11	7	6	7	8	17	8	13	5	9	11	11	5	6	13	4	4	15	5	5	8	6	14	9	7	5	9	8	12	7	9	9	10	8	12	12	7	9	14	7	10	9	6	9	10	9	6	9	11	9	19	8	12	16	20
chr4	22	14	14	6	5	7	11	8	10	8	6	6	9	8	5	13	13	4	5	11	12	10	10	7	9	15	13	9	4	8	6	14	15	5	6	9	11	10	15	5	8	13	12	5	8	9	4	4	6	7	5	9	5	12	10	12	8	5	7	5	7	14	10	35
chr4	4	9	10	7	12	8	10	4	21	19	13	18	11	4	6	4	9	8	28	12	12	5	0	11	7	1	6	5	1	9	9	5	14	10	14	4	18	3	5	4	8	8	4	18	15	12	15	14	3	7	18	2	15	12	4	5	6	2	15	16	3	11	9	16
chr4	15	6	10	11	10	7	8	8	12	7	12	10	8	8	13	12	7	8	14	9	5	10	4	8	9	3	6	10	8	8	6	11	13	8	10	12	10	7	12	8	8	15	7	7	11	4	10	14	7	11	7	9	12	3	4	9	14	12	12	12	8	8	21	10
chr4	17	10	15	14	10	15	6	24	13	9	8	15	8	4	13	8	17	20	6	3	24	2	6	1	11	2	4	3	20	7	14	6	15	8	14	7	8	6	3	14	13	5	5	3	10	7	7	4	7	17	10	9	4	10	5	8	8	15	9	7	4	9	5	7
chr5	11	9	18	7	13	10	5	9	13	4	9	8	9	7	18	12	14	6	8	12	11	10	7	10	6	3	1	11	10	4	7	9	13	9	7	13	5	9	4	4	10	3	7	11	7	11	11	17	7	13	0	14	11	9	5	7	13	12	14	17	8	10	20	6
chr5	14	12	16	15	6	16	6	8	9	13	9	8	7	7	6	16	19	7	10	6	12	3	3	13	7	0	4	1	5	5	5	28	10	11	6	10	11	6	2	3	12	7	3	6	10	7	4	8	14	6	7	5	13	6	1	19	9	2	12	14	10	20	23	25
chr5	35	9	26	8	15	3	9	3	13	13	12	11	18	1	11	10	15	6	11	8	6	1	6	1	8	5	11	8	3	3	5	5	23	7	7	5	13	7	14	11	12	10	11	9	11	5	18	6	5	8	5	19	6	3	4	1	9	16	8	12	5	5	11	13
chr5	16	16	11	12	14	10	7	13	12	10	6	8	11	10	10	11	15	15	10	12	20	11	4	7	8	3	7	4	11	17	9	7	13	6	8	6	8	6	7	8	8	9	3	3	5	9	5	7	11	7	7	12	10	15	4	16	5	6	7	12	10	9	6	13
chr5	31	12	18	9	12	11	7	5	13	8	14	10	11	8	6	13	13	8	8	9	9	10	7	6	8	4	7	7	7	6	11	9	15	10	10	9	8	5	8	10	8	12	10	8	12	3	6	7	10	5	9	11	9	6	5	12	15	7	7	3	5	15	9	12
chr5	21	11	13	13	13	5	6	6	10	9	8	11	14	8	9	11	14	5	8	6	6	6	6	5	9	8	10	11	8	6	9	7	13	6	12	11	6	7	15	16	10	11	10	6	7	6	14	7	10	9	5	12	8	5	11	3	13	16	9	5	7	7	11	18
chr5	14	9	13	14	11	2	11	4	13	8	4	5	9	8	15	15	15	7	8	9	8	8	6	1	8	4	8	10	5	4	8	4	10	6	6	14	10	7	7	6	8	9	12	14	11	8	13	15	11	6	4	10	10	6	6	10	7	9	19	18	6	12	17	23
chr5	12	20	8	28	18	10	7	14	6	13	5	4	20	13	10	14	26	11	15	7	13	3	7	15	5	8	3	1	15	13	7	12	10	2	3	2	14	6	3	12	2	5	2	5	7	3	5	1	19	16	2	20	14	19	0	7	4	9	4	6	15	11	1	6
chr5	11	24	13	15	20	17	7	8	11	14	3	6	5	9	17	7	26	7	10	12	16	3	4	6	9	0	3	8	5	5	3	19	11	14	4	8	13	7	3	4	4	10	3	9	8	4	9	12	15	7	7	3	6	3	6	14	13	3	17	10	14	11	13	10
chr5	20	9	15	21	15	9	5	5	8	10	7	12	18	10	12	13	7	9	8	11	7	1	1	10	6	3	4	11	12	7	3	12	18	4	5	4	2	5	10	5	11	6	10	3	14	7	4	10	21	12	9	17	11	4	8	14	6	3	9	9	14	13	8	21
chr5	12	6	9	18	5	5	9	9	11	6	6	15	19	11	16	18	7	7	5	9	7	4	5	3	4	5	8	8	10	6	3	9	11	7	10	12	6	2	2	10	6	6	3	8	18	5	8	14	14	8	14	25	10	8	9	6	19	3	6	14	14	11	15	19
chr5	17	9	12	10	9	4	8	8	15	1	12	12	21	10	14	17	5	4	7	17	9	6	1	5	6	1	7	3	8	5	6	5	13	4	13	16	5	6	5	1	11	6	4	14	10	7	12	14	13	12	8	19	10	5	3	10	14	9	12	14	13	6	17	18
chr5	20	8	14	15	11	9	5	14	9	4	10	3	11	11	16	14	16	8	5	14	18	5	3	7	2	1	3	6	7	7	8	16	17	11	3	8	4	4	1	9	10	4	8	11	5	5	9	12	3	12	4	16	10	15	3	8	18	9	12	11	12	13	17	14
chr5	23	9	17	14	11	4	4	10	16	7	8	12	21	7	12	16	13	12	9	11	13	4	2	6	4	5	5	3	8	7	5	10	14	2	6	13	4	8	6	7	5	5	3	7	10	7	5	11	13	6	11	18	17	9	5	7	10	8	4	12	9	17	12	19
chr5	16	6	15	10	13	6	3	6	15	5	6	10	14	8	18	7	10	9	9	12	8	1	8	3	4	11	4	4	10	5	12	8	13	2	6	14	11	7	7	9	6	5	8	13	4	11	13	16	8	11	6	11	8	6	5	17	10	13	13	18	8	12	11	20
chr5	3	6	9	5	6	6	8	5	8	5	9	7	10	9	13	4	8	6	6	11	5	5	10	10	5	9	13	9	2	9	18	11	8	6	7	12	11	9	11	7	16	12	20	19	10	13	15	11	3	7	7	8	9	10	7	18	4	12	25	15	3	13	10	10
chr5	16	7	5	10	7	10	8	16	5	8	4	13	8	11	7	12	8	14	8	13	12	6	8	9	5	5	5	9	16	7	7	17	5	7	6	2	10	8	4	5	6	6	5	7	8	7	7	17	9	13	11	13	14	11	4	17	4	8	10	10	14	21	11	22
chr5	22	15	24	9	15	5	7	9	16	8	14	9	7	9	12	13	17	5	7	6	7	2	4	3	9	3	5	6	10	5	11	10	18	9	8	19	6	4	5	13	9	6	4	13	11	4	11	5	13	7	8	7	7	5	7	11	20	11	9	3	7	12	9	13
chr5	9	4	12	11	5	6	6	9	11	5	8	13	10	9	14	18	13	8	3	13	7	10	4	11	3	4	5	11	10	8	8	12	8	7	11	10	10	7	5	3	9	5	4	8	8	10	6	13	6	7	11	17	15	9	8	15	13	10	9	5	13	20	9	27
chr5	21	4	7	12	5	9	7	5	15	8	5	9	11	3	8	12	3	9	12	2	2	7	6	10	5	7	15	8	2	9	11	19	14	5	10	8	12	7	14	11	9	14	7	8	10	9	7	6	6	8	8	12	8	2	8	15	7	15	11	7	11	12	14	35
chr5	12	10	13	14	13	12	2	9	15	8	7	5	12	7	11	13	14	8	9	10	13	4	5	12	7	3	4	3	2	24	11	18	15	10	6	13	8	8	4	15	9	15	6	3	4	3	6	3	8	8	7	6	7	10	7	19	13	8	16	5	11	9	14	12
chr5	13	7	11	9	8	4	4	3	14	14	8	15	9	10	18	16	9	3	7	18	6	2	2	10	5	4	6	7	7	9	9	3	13	4	17	9	8	6	10	5	9	4	3	12	17	8	13	15	6	5	16	17	15	8	6	10	15	6	11	19	11	12	11	7
chr5	25	16	19	22	19	13	5	7	18	5	7	3	20	6	25	15	18	9	9	12	12	12	5	7	5	3	2	5	7	2	3	7	24	8	0	22	10	6	2	3	10	5	5	6	6	2	8	2	15	11	5	10	7	5	3	2	21	8	11	4	8	8	8	10
chr5	16	9	11	22	5	10	1	10	3	10	7	10	15	15	15	12	20	5	10	10	15	3	5	12	4	6	4	4	9	7	5	12	8	4	2	9	7	10	6	4	5	4	1	7	9	9	7	14	13	8	7	16	18	12	6	8	11	7	5	18	11	13	14	23
chr6	30	4	14	20	5	2	5	8	13	6	12	14	17	10	10	18	4	0	7	10	4	1	3	3	7	2	5	5	8	5	5	9	19	2	10	11	6	1	3	9	10	5	6	10	12	4	13	14	15	14	14	14	6	7	8	7	13	6	8	14	20	9	13	29
chr6	5	8	12	3	7	9	5	11	12	9	6	10	11	20	5	8	10	10	9	16	16	3	4	8	7	4	7	17	4	6	12	16	9	7	11	12	11	8	7	5	8	10	3	4	5	17	13	9	4	6	5	13	11	11	20	14	12	8	9	13	8	13	12	10
chr6	53	6	23	13	9	4	8	6	16	10	17	6	12	6	8	7	10	5	8	9	11	7	3	7	2	4	11	4	3	7	5	13	23	8	9	6	11	6	7	4	19	9	19	8	10	2	7	8	9	8	9	5	2	11	3	11	9	5	8	9	6	12	11	11
chr6	36	14	15	21	26	8	3	12	11	8	7	6	15	12	7	16	26	10	11	11	15	9	7	7	5	7	0	6	11	9	2	9	12	7	5	5	5	9	5	7	4	5	1	4	9	1	4	6	11	18	1	13	12	12	3	5	9	6	6	5	8	10	13	15
chr6	5	8	9	5	5	8	7	12	2	13	8	6	9	6	10	8	10	9	9	11	11	14	7	7	9	17	5	11	6	21	10	14	5	5	4	8	14	5	18	12	2	10	4	9	12	7	5	14	7	10	7	10	9	12	10	20	9	9	8	12	7	17	12	13
chr6	14	13	9	12	10	12	7	8	13	8	10	11	8	12	10	11	16	5	13	11	18	11	2	13	4	2	3	9	11	12	9	12	13	5	9	8	7	6	3	10	9	7	4	5	10	7	10	7	5	14	11	10	10	15	6	13	8	9	8	10	11	13	6	10
chr6	17	7	7	17	6	8	6	11	6	3	7	12	15	11	18	17	10	8	4	14	9	3	6	5	8	3	4	6	6	9	4	14	16	8	11	13	7	3	1	4	9	2	8	8	11	10	11	9	5	8	7	17	14	9	8	13	25	7	8	15	5	13	22	10
chr6	28	11	10	13	15	4	7	10	5	7	4	12	17	7	7	14	10	10	10	9	4	3	2	6	7	4	2	6	10	9	3	10	14	3	2	5	8	5	1	8	2	4	0	5	11	6	39	9	11	12	6	18	11	3	9	8	10	7	5	42	9	9	15	25
chr6	7	12	10	15	11	30	8	5	14	7	2	6	5	6	14	4	22	17	7	2	13	1	10	13	4	1	9	9	5	8	11	19	9	14	6	10	12	6	2	4	10	15	8	9	8	7	7	12	6	10	6	2	12	0	3	22	11	1	23	10	6	16	13	11
chr6	2	5	5	8	6	8	14	10	4	5	5	5	8	5	7	11	5	9	8	5	7	6	18	3	15	23	19	11	4	10	10	14	7	12	4	12	8	12	19	20	10	12	8	12	5	9	13	10	5	12	2	6	6	8	17	5	6	19	10	9	8	13	14	10
chr6	20	13	13	9	13	5	7	6	10	11	6	7	10	8	16	17	15	3	7	13	8	5	5	7	3	6	8	4	11	5	9	10	14	10	0	14	8	11	3	11	13	6	10	13	4	6	9	9	5	5	14	16	9	4	6	11	12	10	18	4	15	11	10	17
chr7	15	10	15	11	15	9	8	11	11	15	3	10	16	14	10	19	18	10	6	22	14	3	3	8	4	7	3	6	12	6	12	6	11	7	8	12	15	5	3	7	6	2	2	4	9	7	6	5	7	16	9	14	12	11	6	10	17	6	6	7	9	12	8	7
chr7	12	6	11	10	17	7	2	4	3	9	10	11	24	10	13	19	6	13	6	23	7	3	1	8	1	1	2	8	11	4	5	12	2	4	6	9	14	0	1	7	5	5	2	10	11	12	9	13	19	7	10	24	10	9	8	13	12	7	8	16	14	14	16	22
chr7	7	9	3	5	8	16	15	8	5	6	10	3	4	5	11	4	9	19	13	9	15	8	13	8	11	17	10	15	4	8	11	9	5	15	4	8	16	12	19	11	8	21	7	8	3	9	17	9	3	4	4	2	11	8	6	5	8	14	17	13	2	8	12	11
chr7	11	6	8	8	6	8	12	8	10	13	7	7	8	9	9	8	7	8	13	6	9	7	11	9	10	15	8	12	9	7	6	9	10	6	9	13	12	13	14	11	15	6	19	8	8	5	14	10	5	14	6	7	7	8	8	3	3	16	14	10	8	5	14	13
chr7	6	6	6	14	11	6	10	6	6	6	6	8	7	10	10	15	11	10	4	14	7	5	16	9	11	23	8	8	9	8	6	5	7	12	8	4	11	19	16	6	7	11	12	8	8	9	9	10	8	5	8	10	10	7	8	8	7	12	12	12	7	6	17	17
chr7	25	10	13	13	10	2	5	13	8	10	8	10	8	10	5	10	13	9	10	7	12	6	7	7	6	11	5	4	11	13	9	16	12	2	9	1	9	12	5	14	7	9	9	5	5	5	7	10	11	9	4	12	8	12	9	14	3	10	9	8	12	15	9	26
chr7	24	2	9	13	2	3	8	4	8	9	7	8	6	8	16	9	7	1	9	4	2	6	13	6	10	8	10	13	4	10	9	14	10	5	9	11	9	8	9	7	8	7	6	9	10	9	10	17	7	9	5	11	7	10	11	20	9	9	7	16	12	21	7	31
chr7	19	20	15	13	19	10	10	12	10	9	9	9	11	9	9	6	19	9	8	7	9	4	5	6	12	5	10	6	8	11	10	7	13	12	9	8	7	6	9	8	13	6	8	5	12	5	7	7	16	10	5	7	8	4	9	9	7	10	6	11	7	5	8	15
chr7	28	17	18	26	15	10	5	9	14	4	6	9	23	17	15	23	22	5	6	11	11	1	3	3	6	1	2	5	11	2	4	5	17	5	6	12	6	1	2	3	9	3	1	5	11	4	3	7	22	12	4	29	12	5	4	7	11	4	9	6	22	5	8	6
chr7	8	6	5	7	6	7	10	6	7	7	7	10	7	15	7	10	5	6	10	13	11	6	9	11	11	17	18	8	4	5	9	11	3	11	8	14	6	18	21	6	10	13	14	11	13	7	9	9	11	6	8	5	11	6	14	6	8	14	9	9	6	9	15	9
chr7	21	8	17	12	12	2	3	6	13	7	14	9	13	12	9	7	18	5	7	8	4	3	4	5	2	7	2	6	3	11	6	21	10	3	10	9	11	6	4	8	9	6	19	6	8	9	14	9	9	7	9	12	11	5	7	22	8	9	5	19	13	12	12	20
chr7	3	5	7	5	10	5	14	10	5	12	7	4	14	10	9	13	8	7	10	10	7	3	7	6	8	16	12	13	8	9	9	10	5	12	8	13	11	6	16	12	13	8	11	8	6	6	10	11	4	15	3	18	7	9	12	8	11	9	10	8	12	12	10	18
chr7	7	6	12	14	9	14	2	5	7	8	5	5	7	15	13	9	18	14	5	11	18	17	8	16	2	6	2	10	6	9	14	15	9	1	2	12	11	11	5	10	8	7	6	6	5	8	9	10	5	9	5	7	10	17	5	14	7	16	14	11	8	14	12	15
chr7	16	7	27	9	9	5	7	12	17	6	8	10	8	15	11	16	12	6	4	14	12	8	7	5	9	3	6	5	8	3	10	7	22	10	6	14	3	8	1	4	10	3	5	14	11	12	10	5	9	10	4	13	12	11	8	7	16	4	13	10	9	8	12	12
chr7	13	6	10	9	7	5	10	10	10	8	11	11	6	9	12	11	5	7	14	9	5	10	6	7	12	5	7	9	9	7	6	13	13	8	10	12	10	8	12	9	9	15	6	7	9	5	12	13	7	11	6	9	13	5	5	9	12	11	13	12	8	11	18	11
chr7	17	7	15	17	10	11	6	18	15	11	9	11	13	6	14	10	15	16	6	6	20	3	4	2	9	2	4	3	16	5	14	7	17	8	15	8	8	7	3	13	16	5	7	3	9	7	5	4	7	14	10	12	5	8	6	8	8	13	11	8	5	9	7	10
chr8	16	9	7	10	11	5	7	11	7	11	2	9	12	8	7	10	12	7	15	11	17	11	3	13	7	8	2	7	5	22	12	23	7	6	4	7	12	9	4	12	3	6	2	2	11	10	3	3	6	12	3	9	5	19	10	26	7	12	7	9	2	21	13	19
chr8	11	8	9	13	7	9	3	10	12	13	4	6	10	10	9	12	14	9	12	10	12	16	9	12	6	5	1	7	9	12	8	24	5	6	8	13	11	9	1	16	3	7	4	2	2	7	8	7	11	6	6	5	15	15	6	15	11	12	7	9	7	23	14	15
chr8	6	12	12	8	10	7	9	9	8	12	7	9	8	9	9	10	16	8	5	11	11	4	11	9	7	12	7	14	4	11	14	10	10	5	11	8	8	16	8	9	5	8	10	6	13	13	6	7	6	10	7	9	11	8	12	12	14	9	5	10	7	11	9	16
chr8	18	10	1	19	13	18	8	22	2	1	1	4	33	13	8	18	9	23	4	22	19	11	3	10	2	3	4	6	18	18	4	13	2	4	0	2	5	6	3	4	0	4	0	1	8	5	2	3	19	24	3	29	21	8	1	16	4	10	0	7	16	10	7	16
chr8	3	24	12	3	31	21	18	15	1	12	0	16	6	20	0	6	32	28	8	22	23	11	3	9	13	3	2	13	12	11	6	10	0	12	5	2	10	6	0	2	1	1	0	1	16	12	3	4	7	21	4	5	26	8	10	13	4	2	1	5	3	14	3	3
chr8	14	10	9	14	14	4	8	2	9	4	8	9	7	8	6	16	11	7	6	7	4	7	6	6	5	7	14	13	2	7	8	12	10	4	9	5	11	8	9	7	11	12	5	10	16	7	11	12	13	7	5	11	2	4	16	14	3	12	11	14	11	14	15	35
chr8	39	7	17	13	11	8	6	7	8	11	10	4	14	9	7	21	14	8	5	17	2	4	6	11	4	6	3	7	3	7	4	16	13	5	3	7	16	4	2	6	8	4	6	6	9	6	5	5	10	12	7	14	15	7	6	6	8	8	5	8	17	12	13	36
chr8	8	13	9	7	8	18	6	8	10	4	10	5	6	6	10	15	15	7	10	10	23	18	9	7	5	3	5	10	9	6	9	10	8	12	6	11	5	6	6	8	10	8	4	15	4	7	11	17	6	8	3	9	6	16	2	11	12	10	18	9	7	16	19	9
chr8	13	6	8	12	10	9	8	5	6	6	9	6	10	7	22	10	13	12	2	19	9	11	8	8	2	11	7	12	9	3	8	7	6	5	7	7	16	13	8	5	7	8	9	13	10	8	15	11	7	9	10	11	10	3	8	10	10	17	12	13	8	13	7	14
chr8	13	13	8	4	16	12	15	9	10	11	3	9	16	11	8	4	12	21	9	14	11	7	7	9	9	16	5	9	15	8	9	8	6	6	7	5	14	7	9	13	3	4	4	6	9	7	6	10	7	12	9	16	15	8	8	8	2	12	5	9	4	13	5	18
chr8	19	7	13	18	19	5	3	5	9	7	5	8	22	7	15	23	10	6	10	16	4	3	3	3	1	6	3	5	10	4	6	10	12	8	2	13	13	3	3	9	5	6	5	5	7	5	5	11	16	11	4	20	6	2	6	13	20	9	9	10	12	11	21	31
chr8	17	13	15	5	15	14	9	12	13	7	10	6	4	10	13	8	16	22	9	12	18	5	10	4	12	12	2	11	6	3	10	11	13	9	9	11	17	11	16	5	4	10	6	3	4	5	5	9	3	6	3	7	9	8	2	9	13	20	5	3	5	10	13	11
chr8	7	8	25	11	4	13	10	12	17	5	6	4	2	10	6	11	17	6	2	7	18	4	5	4	7	7	7	1	4	6	20	19	22	18	3	9	1	3	0	24	5	3	1	21	7	9	11	11	5	7	2	2	10	11	7	9	23	13	16	11	3	12	26	8
chr8	4	35	1	1	8	35	8	40	7	1	7	5	0	8	6	13	21	14	3	14	27	0	11	4	8	0	9	2	21	9	17	4	15	11	8	8	1	0	0	0	4	0	4	19	8	10	8	10	1	30	8	4	17	7	0	7	23	0	7	10	14	4	9	8
chr8	13	4	10	10	9	6	9	10	11	7	12	10	8	9	12	11	6	9	13	9	4	10	6	7	10	5	8	8	8	8	7	12	13	11	10	12	11	7	12	9	11	16	7	6	9	3	10	13	6	10	7	9	13	4	4	9	14	11	13	11	7	10	19	10
chr8	21	4	20	17	13	3	4	7	26	9	12	8	13	8	14	15	16	5	7	9	9	3	3	3	8	2	4	3	5	4	13	8	20	8	21	11	8	6	3	9	18	8	11	5	10	8	3	5	6	10	7	13	7	6	7	11	7	7	15	10	8	11	9	14
chr9	7	5	6	7	8	3	2	16	9	15	1	27	9	7	4	14	5	5	15	12	7	5	4	7	5	1	3	4	8	11	6	18	9	7	8	5	12	4	2	9	10	4	2	15	22	4	18	13	4	11	23	10	10	11	5	11	5	7	25	11	10	15	20	20
chr9	12	14	11	10	11	7	9	12	8	8	7	8	10	11	8	11	19	10	6	12	13	8	8	12	4	9	5	10	6	11	15	9	7	3	7	10	11	16	3	5	3	6	10	7	12	7	9	8	9	11	7	8	12	10	8	12	12	12	5	11	7	13	8	15
chr9	27	7	14	13	11	7	10	4	9	10	15	13	8	8	7	16	11	7	10	10	14	11	4	5	7	4	6	11	7	6	6	5	16	5	10	2	8	3	5	8	8	7	11	9	15	7	4	16	7	13	12	14	5	13	9	7	10	3	3	9	16	13	8	19
chr9	14	9	14	16	11	8	10	4	9	4	8	6	8	15	6	17	12	13	6	18	11	10	6	4	6	12	7	7	2	9	8	11	15	4	5	4	8	5	12	7	10	7	11	10	7	12	10	5	11	7	2	8	19	8	4	15	3	9	12	11	11	10	11	24
chr9	19	9	17	9	10	4	4	8	17	11	7	7	14	7	22	9	10	10	10	6	7	3	4	2	5	3	6	9	7	2	7	3	12	4	10	20	15	5	10	5	8	11	10	7	13	3	27	9	13	3	6	17	4	3	5	4	16	10	13	29	5	4	12	17
chr9	28	13	14	10	10	4	10	7	21	6	14	12	11	5	8	11	9	6	9	10	7	7	4	9	10	5	8	3	8	3	8	12	16	7	20	8	11	9	6	8	16	11	8	6	10	5	13	4	12	5	10	7	6	7	6	7	5	12	11	11	5	12	10	12
chr9	45	17	13	25	17	7	7	12	16	1	9	3	18	6	9	26	16	5	4	7	3	3	3	8	6	1	2	5	13	4	5	11	21	9	3	12	4	1	0	6	9	4	2	4	6	4	7	5	18	12	9	15	9	6	4	7	13	5	6	10	17	12	13	18
chr9	9	10	10	6	9	5	7	3	7	19	22	8	4	13	5	12	9	2	22	12	10	2	2	8	3	7	5	7	8	9	7	14	10	8	16	5	17	8	7	13	19	7	14	15	9	4	14	6	7	4	8	11	10	7	6	14	10	12	14	3	8	11	13	12
chr9	16	11	7	14	3	11	5	7	6	3	11	13	12	11	7	14	14	3	9	18	11	3	11	8	1	7	7	2	3	4	13	4	5	4	12	7	20	7	0	4	8	11	15	18	11	8	8	22	13	8	5	5	10	12	1	5	13	10	19	16	4	5	31	12
chr9	8	4	6	9	4	9	2	7	10	6	13	5	10	6	3	21	6	4	4	14	12	4	4	11	0	2	4	3	1	0	32	9	7	4	14	7	9	10	2	25	6	14	14	18	15	1	9	21	6	10	10	10	3	8	1	0	16	23	21	20	10	5	36	10
chr9	39	16	14	9	10	11	8	12	6	5	6	17	9	7	7	11	15	13	9	10	15	10	4	10	3	5	5	5	10	8	9	9	13	5	4	4	8	10	3	5	7	9	3	6	6	9	13	10	11	7	7	11	13	8	4	9	10	7	11	10	11	10	9	18
chr9	4	13	5	9	14	10	3	6	12	8	10	37	3	2	7	6	8	4	18	3	6	1	6	3	2	2	6	4	2	1	8	5	10	9	16	5	7	1	2	4	11	4	4	27	36	3	22	29	9	8	28	1	6	4	3	3	15	0	26	22	5	9	26	15
chr9	0	1	11	0	1	0	0	13	32	31	7	25	0	0	14	0	0	0	21	4	0	0	0	2	0	0	2	1	0	1	19	21	12	1	38	10	14	0	1	21	19	2	7	29	28	3	19	14	0	12	26	0	10	2	2	5	10	3	41	9	10	15	11	18
