"Chromosome"	"A"	"C"	"G"	"T"
"chr1"	167	129	161	143
"chr1"	107	175	85	233
"chr1"	142	130	123	205
"chr1"	169	137	127	167
"chr1"	186	126	103	185
"chr10"	162	128	128	182
"chr10"	170	138	139	153
"chr10"	146	133	114	207
"chr10"	180	146	118	156
"chr10"	175	143	109	173
"chr10"	140	148	137	175
"chr10"	186	140	92	182
"chr11"	169	140	111	180
"chr11"	158	127	163	152
"chr11"	170	137	132	161
"chr11"	191	116	114	179
"chr11"	185	192	96	127
"chr11"	209	95	160	136
"chr11"	135	165	139	161
"chr12"	163	130	121	186
"chr12"	162	137	130	171
"chr12"	155	122	113	210
"chr12"	176	136	110	178
"chr12"	181	113	118	188
"chr12"	192	100	175	133
"chr12"	149	147	137	167
"chr12"	193	113	125	169
"chr12"	132	125	168	175
"chr12"	170	113	137	180
"chr12"	191	122	123	164
"chr12"	195	150	105	150
"chr12"	159	113	137	191
"chr12"	160	130	127	183
"chr13"	163	119	130	188
"chr13"	174	109	133	184
"chr13"	195	127	120	158
"chr13"	166	121	123	190
"chr13"	209	138	102	151
"chr13"	150	107	132	211
"chr13"	147	117	145	191
"chr13"	169	137	139	155
"chr13"	157	142	131	170
"chr13"	195	148	130	127
"chr13"	179	119	128	174
"chr13"	204	140	95	161
"chr13"	164	136	110	190
"chr13"	198	122	135	145
"chr14"	164	114	174	148
"chr14"	184	124	106	186
"chr14"	178	137	127	158
"chr14"	159	129	164	148
"chr14"	202	134	118	146
"chr14"	190	174	98	138
"chr14"	167	123	129	181
"chr14"	155	169	117	159
"chr15"	172	101	214	113
"chr15"	172	142	111	175
"chr15"	169	133	152	146
"chr15"	136	117	130	217
"chr15"	139	138	133	190
"chr15"	173	169	122	136
"chr15"	182	117	95	206
"chr15"	194	109	143	154
"chr15"	151	106	155	188
"chr15"	156	150	110	184
"chr15"	152	133	123	192
"chr15"	175	122	112	191
"chr15"	193	113	123	171
"chr16"	180	136	93	191
"chr16"	163	131	137	169
"chr16"	175	137	118	170
"chr16"	156	144	139	161
"chr16"	191	133	106	170
"chr16"	153	123	157	167
"chr16"	171	133	165	131
"chr16"	172	142	124	162
"chr16"	154	148	160	138
"chr16"	187	111	144	158
"chr16"	133	153	104	210
"chr16"	207	100	123	170
"chr16"	210	114	93	183
"chr16"	179	146	119	156
"chr2"	130	144	140	186
"chr2"	131	160	127	182
"chr2"	179	109	123	189
"chr2"	185	120	112	183
"chr2"	184	177	117	122
"chr2"	145	129	162	164
"chr2"	167	156	112	165
"chr2"	183	111	127	179
"chr2"	215	101	174	110
"chr3"	161	130	135	174
"chr3"	155	155	151	139
"chr3"	151	121	157	171
"chr4"	164	112	127	197
"chr4"	172	141	115	172
"chr4"	160	147	110	183
"chr4"	155	118	125	202
"chr4"	208	117	164	111
"chr4"	141	115	183	161
"chr4"	191	122	93	194
"chr4"	147	144	129	180
"chr4"	156	143	139	162
"chr4"	188	216	69	127
"chr4"	184	118	156	142
"chr4"	204	137	128	131
"chr4"	151	161	111	177
"chr4"	157	112	171	160
"chr4"	189	124	131	156
"chr4"	112	162	133	193
"chr4"	180	105	114	201
"chr4"	224	144	109	123
"chr4"	216	129	109	146
"chr4"	216	96	115	173
"chr4"	152	166	127	155
"chr4"	174	131	109	186
"chr4"	191	121	112	176
"chr4"	154	143	151	152
"chr4"	165	149	136	150
"chr4"	166	146	149	139
"chr5"	135	145	131	189
"chr5"	189	117	112	182
"chr5"	102	137	190	171
"chr5"	183	118	135	164
"chr5"	156	142	153	149
"chr5"	162	144	129	165
"chr5"	157	131	123	189
"chr6"	161	93	152	194
"chr6"	158	165	122	155
"chr7"	185	142	146	127
"chr7"	189	160	126	125
"chr7"	192	113	153	142
"chr7"	173	128	146	153
"chr7"	195	102	172	131
"chr7"	182	137	107	174
"chr7"	167	158	107	168
"chr7"	196	113	135	156
"chr7"	191	125	129	155
"chr7"	197	125	139	139
"chr7"	197	129	108	166
"chr8"	159	132	153	156
"chr8"	142	135	144	179
"chr8"	148	161	133	158
"chr8"	193	129	130	148
"chr8"	166	116	166	152
"chr8"	216	116	123	145
"chr8"	215	129	122	134
