"Chromosome"	"AA"	"AC"	"AG"	"AT"	"CA"	"CC"	"CG"	"CT"	"GA"	"GC"	"GG"	"GT"	"TA"	"TC"	"TG"	"TT"
"chr1"	45	34	45	43	36	32	35	25	47	30	49	35	39	32	32	40
"chr1"	25	30	18	34	40	36	24	75	15	26	9	35	26	83	34	89
"chr1"	47	32	30	33	40	25	13	52	35	16	31	40	20	56	49	80
"chr1"	63	35	42	29	49	27	20	41	38	20	28	40	19	55	37	56
"chr1"	73	36	29	47	38	24	21	43	39	20	17	27	36	46	36	67
"chr10"	49	28	40	45	34	33	19	42	44	25	28	31	34	42	41	64
"chr10"	55	35	34	46	44	28	36	30	37	31	34	37	34	43	35	40
"chr10"	46	40	18	42	38	32	22	41	29	21	28	36	33	40	45	88
"chr10"	62	42	34	42	50	40	27	28	17	34	25	42	51	29	32	44
"chr10"	54	35	34	52	39	45	18	41	27	25	18	38	55	38	39	41
"chr10"	33	33	28	45	38	38	35	37	35	41	30	31	34	35	44	62
"chr10"	69	41	23	53	40	41	17	41	24	23	22	23	53	35	29	65
"chr11"	44	35	36	53	49	29	24	38	27	32	20	32	49	44	30	57
"chr11"	41	33	54	30	37	30	33	27	45	33	33	52	35	31	42	43
"chr11"	44	40	36	50	48	30	26	33	40	30	27	35	37	37	43	43
"chr11"	69	32	38	51	36	28	21	31	46	15	21	32	39	41	34	65
"chr11"	56	73	29	26	73	43	21	55	19	38	18	21	36	38	28	25
"chr11"	67	28	61	52	37	18	18	22	66	31	34	29	38	18	47	33
"chr11"	30	28	41	36	43	54	24	44	36	33	29	41	26	49	45	40
"chr12"	49	36	42	36	48	27	15	40	41	16	27	36	25	51	37	73
"chr12"	57	37	36	31	48	32	20	37	33	21	33	43	23	47	41	60
"chr12"	45	35	37	38	41	22	15	44	23	22	22	46	46	42	39	82
"chr12"	53	44	30	49	42	24	25	45	35	23	19	32	46	45	36	51
"chr12"	65	36	32	48	32	26	22	33	35	25	30	28	48	26	34	79
"chr12"	57	31	73	31	50	11	20	18	52	39	41	43	33	18	41	41
"chr12"	33	36	30	50	41	42	33	30	35	27	34	41	39	42	40	46
"chr12"	82	34	33	44	35	22	24	32	35	20	32	37	41	37	36	55
"chr12"	24	41	39	28	28	30	31	35	39	32	35	62	41	22	63	49
"chr12"	53	39	26	52	39	20	14	40	47	20	36	33	30	34	61	55
"chr12"	80	36	36	38	43	27	21	31	39	18	26	40	28	41	40	55
"chr12"	55	46	40	54	68	45	15	22	35	19	22	28	37	39	28	46
"chr12"	54	31	28	45	38	24	15	36	25	22	38	52	42	35	56	58
"chr12"	59	20	32	49	37	34	20	39	27	36	27	37	37	39	48	58
"chr13"	48	29	33	53	34	29	22	34	37	27	27	39	44	34	47	62
"chr13"	50	30	49	45	36	30	14	29	42	21	29	40	46	28	41	69
"chr13"	71	33	39	52	39	32	22	33	32	27	23	38	53	35	35	35
"chr13"	52	30	36	48	28	29	18	46	36	20	27	39	50	42	41	57
"chr13"	75	43	37	54	54	30	22	31	35	26	19	22	44	39	24	44
"chr13"	44	32	18	55	30	20	16	41	32	11	39	50	44	44	58	65
"chr13"	39	31	31	46	28	26	33	30	36	29	37	43	44	31	44	71
"chr13"	47	25	47	50	32	35	27	42	40	44	29	26	49	33	36	37
"chr13"	60	22	35	40	28	38	35	40	32	41	29	29	36	41	32	61
"chr13"	70	49	39	37	56	31	34	27	38	38	29	24	31	30	28	38
"chr13"	58	31	38	51	31	30	26	32	38	30	25	35	51	28	39	56
"chr13"	69	61	18	56	57	15	24	43	40	13	22	20	38	51	31	41
"chr13"	45	34	36	48	42	26	17	51	38	22	19	31	39	54	38	59
"chr13"	72	45	37	44	46	29	23	24	50	19	31	34	30	29	43	43
"chr14"	39	47	51	27	34	26	24	30	53	21	38	61	38	20	60	30
"chr14"	67	35	38	43	43	27	13	41	29	18	25	34	45	44	30	67
"chr14"	74	40	28	36	48	30	20	38	21	36	32	38	35	31	47	45
"chr14"	49	35	36	39	50	29	27	23	29	28	59	47	31	37	41	39
"chr14"	68	44	36	53	44	37	27	26	40	20	29	29	49	33	26	38
"chr14"	66	69	35	19	62	54	15	43	17	13	22	46	44	38	26	30
"chr14"	45	36	37	48	43	25	20	35	33	29	19	48	46	32	53	50
"chr14"	49	36	32	38	48	61	17	43	34	32	28	23	24	39	40	55
"chr15"	30	24	73	44	17	26	27	31	115	34	43	22	10	16	71	16
"chr15"	47	41	37	46	37	44	17	44	36	19	25	31	51	38	32	54
"chr15"	44	47	45	33	49	35	29	20	44	28	35	44	31	23	43	49
"chr15"	33	24	30	49	33	21	19	44	23	26	32	48	47	46	49	75
"chr15"	38	36	28	36	32	30	29	47	29	27	33	44	40	45	42	63
"chr15"	48	50	33	42	53	45	38	33	42	36	21	23	30	38	30	37
"chr15"	60	28	24	70	39	25	15	37	32	21	22	20	51	42	34	79
"chr15"	74	38	39	43	40	14	28	26	39	30	35	39	41	27	41	45
"chr15"	45	24	34	48	23	25	19	38	33	35	42	45	49	22	60	57
"chr15"	49	36	21	50	48	40	22	40	19	30	28	32	40	44	39	61
"chr15"	37	31	38	46	43	32	20	38	28	32	29	34	44	38	36	73
"chr15"	64	32	31	48	30	25	21	46	32	29	25	26	49	36	35	70
"chr15"	62	43	39	48	40	21	20	32	46	22	26	29	44	27	38	62
"chr16"	70	35	32	43	35	33	20	47	32	20	13	28	42	48	28	73
"chr16"	55	27	29	51	40	41	21	29	39	27	32	39	29	36	55	49
"chr16"	59	36	31	49	43	29	24	41	35	29	25	29	38	43	38	50
"chr16"	54	38	29	35	36	42	21	44	39	30	31	39	27	34	57	43
"chr16"	76	33	35	47	39	32	23	39	36	26	17	27	40	42	31	56
"chr16"	40	31	38	43	34	30	32	27	35	32	39	51	43	30	48	46
"chr16"	47	38	51	35	41	24	35	33	48	38	52	27	35	33	26	36
"chr16"	52	43	28	48	49	35	22	36	34	26	27	37	37	37	47	41
"chr16"	53	24	39	38	32	43	45	28	40	45	36	38	29	36	40	33
"chr16"	65	38	42	41	39	23	15	34	48	18	34	44	34	32	53	39
"chr16"	19	26	21	66	61	41	12	39	16	37	25	26	36	49	46	79
"chr16"	91	26	39	50	32	18	16	34	41	25	24	33	43	31	44	52
"chr16"	82	39	30	59	37	26	17	34	35	15	11	31	56	34	34	59
"chr16"	47	55	31	46	46	33	27	40	45	23	22	28	40	35	39	42
"chr2"	27	30	40	33	39	40	23	42	26	36	32	46	38	38	45	64
"chr2"	25	36	29	41	39	43	34	44	21	36	19	51	46	44	45	46
"chr2"	61	30	26	61	31	23	26	29	33	24	25	41	54	32	46	57
"chr2"	68	35	32	50	31	26	20	43	34	19	27	32	52	40	32	58
"chr2"	57	49	44	34	61	43	27	46	25	46	28	17	40	39	18	25
"chr2"	55	31	40	19	30	28	25	45	38	29	40	55	22	41	57	44
"chr2"	49	43	24	51	49	49	28	30	28	27	23	33	40	37	37	51
"chr2"	64	27	45	46	28	27	17	39	52	26	23	26	39	31	42	67
"chr2"	85	34	58	38	41	13	31	16	54	35	54	31	35	19	30	25
"chr3"	45	31	34	50	35	35	23	37	31	34	32	38	49	30	46	49
"chr3"	41	47	31	36	43	41	39	31	43	26	46	36	27	41	35	36
"chr3"	56	31	34	29	39	19	16	47	39	28	43	47	17	43	64	47
"chr4"	59	23	37	45	27	32	25	27	32	30	30	35	45	27	35	90
"chr4"	49	41	32	50	48	32	26	34	34	31	24	26	41	37	33	61
"chr4"	46	38	27	49	41	34	28	44	26	30	22	31	47	45	32	59
"chr4"	48	25	33	49	33	26	19	40	41	30	31	23	32	37	42	90
"chr4"	79	38	60	31	48	8	40	20	48	52	34	30	33	19	29	30
"chr4"	41	17	46	37	32	35	26	22	35	26	59	63	33	37	52	38
"chr4"	53	34	40	63	42	27	10	43	34	18	13	28	61	43	30	60
"chr4"	47	37	28	35	37	34	22	50	28	26	28	47	35	46	51	48
"chr4"	56	36	41	22	42	32	17	52	39	30	31	39	18	45	50	49
"chr4"	50	100	21	17	74	57	11	73	24	19	9	17	40	40	28	19
"chr4"	58	39	51	36	40	28	25	25	55	27	37	37	31	24	42	44
"chr4"	52	48	46	58	61	39	19	18	45	23	35	24	46	26	28	31
"chr4"	36	44	36	35	45	44	17	54	39	23	26	23	31	50	31	65
"chr4"	47	31	46	32	31	22	35	24	47	35	39	50	32	24	51	53
"chr4"	57	30	45	57	40	27	20	37	46	30	33	22	45	37	33	40
"chr4"	26	33	21	32	34	38	33	57	27	46	25	35	25	45	53	69
"chr4"	57	24	34	65	36	20	21	28	32	24	22	36	55	37	37	71
"chr4"	74	54	54	42	71	38	8	26	41	26	18	24	38	26	28	31
"chr4"	73	50	36	57	55	36	14	24	49	15	23	22	39	27	36	43
"chr4"	99	29	33	55	28	22	17	29	30	22	30	32	59	23	35	56
"chr4"	40	42	31	39	48	48	24	45	23	39	37	28	41	36	35	43
"chr4"	61	29	36	48	33	38	18	42	29	30	16	33	51	34	39	62
"chr4"	60	34	40	57	46	29	21	24	33	29	20	30	51	29	31	65
"chr4"	36	36	40	41	40	32	34	37	41	37	30	43	37	37	47	31
"chr4"	47	35	38	45	43	39	25	42	44	34	21	36	31	41	51	27
"chr4"	35	44	49	38	60	33	23	29	46	31	41	31	24	38	36	41
"chr5"	40	24	35	36	36	43	25	41	26	35	34	36	33	43	36	76
"chr5"	61	29	42	56	45	25	17	30	35	25	19	33	48	38	34	62
"chr5"	20	21	27	34	27	32	35	43	31	38	68	53	24	46	60	40
"chr5"	63	37	38	45	31	27	26	33	54	26	23	32	35	27	48	54
"chr5"	50	40	34	32	42	22	40	38	35	48	36	34	29	32	43	44
"chr5"	46	34	37	44	42	35	16	51	43	34	35	17	30	41	41	53
"chr5"	41	34	32	50	32	27	30	41	31	31	27	34	53	39	34	63
"chr6"	59	18	43	41	23	22	21	27	36	24	42	49	42	29	46	77
"chr6"	42	42	34	40	54	50	27	34	22	42	23	35	39	31	38	46
"chr7"	62	38	49	36	38	40	37	27	47	36	28	34	38	28	31	30
"chr7"	44	52	48	44	66	34	32	28	47	36	23	20	32	38	23	32
"chr7"	85	27	37	42	33	28	28	24	42	33	48	30	32	25	40	45
"chr7"	62	34	39	38	30	26	34	37	38	38	34	36	43	30	38	42
"chr7"	54	38	66	37	37	26	16	23	73	19	43	37	31	19	46	34
"chr7"	66	41	24	51	35	31	29	42	37	22	22	26	43	43	32	55
"chr7"	56	38	26	47	52	43	18	45	25	34	23	25	34	43	40	50
"chr7"	63	28	55	50	38	24	24	27	50	29	24	32	45	32	31	47
"chr7"	66	44	41	40	43	30	24	28	50	17	23	39	32	34	41	47
"chr7"	74	25	53	45	39	35	23	28	41	41	28	29	42	24	35	37
"chr7"	89	29	29	50	35	36	24	34	27	30	29	22	46	34	26	59
"chr8"	39	35	47	38	47	30	23	31	41	43	31	38	32	24	51	49
"chr8"	43	31	29	39	34	26	42	33	29	37	32	45	36	41	41	61
"chr8"	40	41	29	38	44	61	22	34	36	24	34	38	27	35	48	48
"chr8"	62	38	47	45	43	32	26	28	40	29	31	30	47	30	26	45
"chr8"	55	33	39	38	38	23	26	29	38	35	47	46	35	24	54	39
"chr8"	82	38	52	43	48	24	16	28	51	18	25	29	34	36	30	45
"chr8"	87	42	41	45	41	25	23	39	45	34	23	20	42	28	35	29
