Chromosome	A	C	G	T
chr1	160	135	153	152
chr1	179	127	104	190
chr10	162	138	122	178
chr10	165	128	140	167
chr10	144	136	116	204
chr10	148	131	108	213
chr10	153	140	146	161
chr11	206	101	144	149
chr11	185	184	100	131
chr11	139	159	141	161
chr12	153	132	120	195
chr12	160	138	129	173
chr12	185	93	174	148
chr12	125	125	172	178
chr12	155	132	121	192
chr12	176	108	143	173
chr12	181	126	121	172
chr12	175	132	125	168
chr12	187	170	128	115
chr13	181	112	134	173
chr13	195	127	120	158
chr13	202	144	106	148
chr13	135	102	138	225
chr13	152	121	150	177
chr13	163	137	129	171
chr13	178	121	124	177
chr13	165	114	142	179
chr13	184	122	136	158
chr13	174	109	148	169
chr14	156	111	187	146
chr14	148	127	149	176
chr14	202	137	116	145
chr14	196	172	92	140
chr14	167	120	131	182
chr14	180	125	156	139
chr14	140	139	147	174
chr14	173	115	157	155
chr14	201	114	123	162
chr14	141	134	147	178
chr15	136	117	130	217
chr15	136	142	136	186
chr15	156	139	151	154
chr15	152	136	124	188
chr15	156	129	122	193
chr16	183	127	120	170
chr16	113	142	168	177
chr16	170	130	157	143
chr16	156	154	158	132
chr2	189	116	118	177
chr2	183	172	117	128
chr2	146	142	151	161
chr3	162	145	122	171
chr3	188	94	142	176
chr4	166	197	89	148
chr4	158	147	118	177
chr4	203	120	154	123
chr4	135	118	188	159
chr4	197	127	99	177
chr4	140	144	143	173
chr4	205	148	103	144
chr4	175	145	113	167
chr4	192	211	67	130
chr4	192	107	171	130
chr4	195	138	121	146
chr4	151	162	110	177
chr4	149	113	167	171
chr4	124	158	133	185
chr4	192	120	110	178
chr4	191	120	159	130
chr4	217	145	110	128
chr4	127	182	156	135
chr4	164	150	124	162
chr4	173	131	105	191
chr4	157	141	151	151
chr4	167	150	134	149
chr4	161	142	145	152
chr5	147	138	158	157
chr5	176	141	122	161
chr5	112	137	189	162
chr5	190	139	132	139
chr5	161	145	130	164
chr6	160	164	122	154
chr7	169	125	162	144
chr7	171	126	148	155
chr7	159	136	149	156
chr8	156	136	147	161
chr8	182	102	124	192
chr8	149	161	134	156
