Chromosome	AA	AC	AG	AT	CA	CC	CG	CT	GA	GC	GG	GT	TA	TC	TG	TT
chr1	43	35	39	43	38	35	39	23	40	29	43	41	39	36	32	44
chr1	66	36	29	47	37	25	21	44	39	20	17	28	37	45	37	71
chr10	50	32	35	45	37	35	19	47	44	26	28	24	31	44	40	62
chr10	55	34	33	43	40	24	32	31	36	28	36	40	34	42	39	52
chr10	44	39	19	42	37	33	25	41	30	23	29	33	33	40	43	88
chr10	41	30	16	61	34	28	24	44	30	18	22	38	42	55	46	70
chr10	50	39	38	26	46	35	16	42	37	28	36	45	20	37	56	48
chr11	79	27	59	41	36	15	19	31	46	33	30	35	44	26	36	42
chr11	56	72	31	26	71	39	20	53	19	37	18	26	39	36	30	26
chr11	32	30	40	37	42	53	25	39	39	30	30	41	26	45	46	44
chr12	47	34	34	38	33	28	20	51	40	13	25	42	33	56	41	64
chr12	57	37	35	31	47	32	20	39	33	20	33	43	22	49	41	60
chr12	55	27	63	40	40	9	26	18	52	37	41	43	38	20	44	46
chr12	20	39	39	27	27	30	32	36	40	34	34	63	38	22	66	52
chr12	48	42	29	36	35	32	23	42	36	20	29	36	36	38	40	77
chr12	53	46	25	52	35	16	15	41	54	19	39	31	33	27	64	49
chr12	79	37	28	37	41	28	27	29	33	21	27	40	28	40	39	65
chr12	55	38	35	47	55	28	14	35	38	23	30	33	27	42	46	53
chr12	44	72	49	22	65	36	17	52	38	41	19	30	40	21	43	10
chr13	55	32	50	44	39	32	14	27	44	22	27	40	43	25	43	62
chr13	71	33	39	52	39	32	22	34	32	27	23	37	53	34	36	35
chr13	72	44	36	49	56	32	23	33	36	29	19	22	38	39	27	44
chr13	36	27	17	55	26	18	16	41	29	13	42	54	44	43	63	75
chr13	42	33	33	44	28	26	34	33	39	30	39	42	42	32	44	58
chr13	63	23	35	42	28	36	34	39	32	40	28	29	39	38	32	61
chr13	57	31	37	52	34	31	23	33	36	29	25	34	50	30	39	58
chr13	45	24	36	60	30	27	32	25	37	28	40	37	53	34	34	57
chr13	55	38	45	46	41	25	22	34	41	30	29	35	46	29	40	43
chr13	57	28	40	49	29	23	27	30	48	25	32	43	40	33	49	46
chr14	34	45	55	22	32	25	26	28	53	19	42	72	36	22	64	24
chr14	39	29	43	37	34	38	21	34	45	21	57	26	30	39	28	78
chr14	65	46	39	52	47	37	24	28	41	20	27	28	49	33	26	37
chr14	69	70	34	23	63	53	14	42	19	11	20	42	45	38	24	32
chr14	41	36	39	51	43	24	21	32	37	27	20	47	46	33	51	51
chr14	51	34	54	41	53	32	23	16	43	29	44	40	32	30	35	42
chr14	37	43	21	38	37	30	26	46	34	30	42	41	32	35	58	49
chr14	55	36	44	38	38	20	34	23	41	37	37	42	38	22	42	52
chr14	71	40	41	49	47	19	22	26	39	20	32	31	44	35	28	55
chr14	46	32	32	31	33	32	19	50	33	40	32	42	29	30	64	54
chr15	33	24	30	49	33	21	19	44	23	26	32	49	47	46	48	75
chr15	38	32	33	32	33	27	29	53	31	29	34	42	34	53	40	59
chr15	41	35	47	33	42	30	29	38	44	39	32	35	29	35	43	47
chr15	47	31	30	44	36	36	25	39	30	29	30	35	38	40	39	70
chr15	37	33	40	45	42	31	23	33	31	25	27	39	46	40	32	75
chr16	66	38	36	42	52	24	16	35	30	20	29	41	34	45	39	52
chr16	26	18	34	35	24	33	37	48	33	46	44	45	29	45	53	49
chr16	50	40	47	33	39	20	34	37	45	37	48	27	35	33	28	46
chr16	52	27	42	35	35	45	46	28	43	45	35	35	26	36	35	34
chr2	71	33	36	48	31	25	19	41	39	20	30	29	48	38	33	58
chr2	50	45	45	42	66	45	20	41	24	43	29	21	43	39	22	24
chr2	53	35	40	18	36	34	21	51	37	30	33	50	20	43	57	41
chr3	49	36	42	34	41	41	21	42	27	31	29	35	45	37	29	60
chr3	61	24	45	58	35	17	18	24	49	27	31	35	42	26	48	59
chr4	59	39	22	45	62	66	16	53	13	31	20	25	32	61	31	24
chr4	52	37	33	36	45	32	27	42	26	35	23	34	35	43	35	64
chr4	73	39	59	31	48	13	33	26	47	50	32	25	35	18	30	40
chr4	40	16	47	32	31	38	25	23	33	30	61	64	31	33	55	40
chr4	60	33	38	65	43	35	9	40	35	22	17	25	58	37	35	47
chr4	48	35	33	24	35	36	21	52	31	29	31	51	26	44	58	45
chr4	76	42	29	58	56	42	13	36	37	23	22	21	35	41	39	29
chr4	61	42	29	43	48	35	20	42	32	23	24	34	34	45	40	47
chr4	52	105	17	17	71	57	11	72	26	14	8	19	42	35	31	22
chr4	61	35	55	41	38	18	31	20	57	31	53	29	36	23	32	39
chr4	45	47	42	61	59	37	20	22	42	23	32	23	49	31	27	39
chr4	36	44	36	35	46	44	18	54	38	24	25	23	31	49	31	65
chr4	46	27	44	32	27	27	28	31	41	31	42	52	34	28	53	56
chr4	33	32	24	35	36	37	30	54	29	45	25	34	26	43	54	62
chr4	67	32	33	60	45	26	13	36	33	15	26	35	47	47	38	46
chr4	57	43	56	35	48	25	16	31	52	28	42	37	34	23	45	27
chr4	71	53	49	44	69	37	12	27	40	25	20	25	36	30	29	32
chr4	29	43	30	24	50	48	31	53	19	61	40	36	29	30	55	21
chr4	52	39	34	39	43	40	22	44	29	30	34	31	40	40	34	48
chr4	61	28	32	52	35	36	19	41	26	30	17	32	51	36	37	66
chr4	39	37	39	41	38	32	35	36	43	35	30	43	37	36	47	31
chr4	46	35	40	45	45	38	26	41	46	33	19	36	30	43	49	27
chr4	33	42	41	45	52	33	29	27	46	24	41	34	30	43	34	45
chr5	39	36	37	35	30	34	41	32	46	28	37	47	32	39	43	43
chr5	59	50	30	37	59	30	20	31	27	26	31	38	31	34	41	55
chr5	22	25	29	36	31	30	36	40	33	38	67	50	26	44	56	36
chr5	52	53	42	42	56	35	20	28	42	22	37	31	39	29	33	38
chr5	46	34	38	43	42	35	16	51	43	35	35	17	30	41	41	52
chr6	43	42	34	41	54	50	27	33	22	42	23	35	40	30	38	45
chr7	56	42	37	34	51	20	24	30	29	40	60	32	33	23	40	48
chr7	62	33	38	38	26	26	35	38	41	37	34	36	42	30	41	42
chr7	49	41	40	29	52	30	21	32	39	23	41	46	19	42	47	48
chr8	38	33	46	39	47	32	21	35	40	41	29	37	31	29	51	50
chr8	61	23	37	61	31	23	14	33	34	25	36	29	56	30	37	69
chr8	36	40	31	41	48	60	19	34	37	25	35	37	28	36	48	44
