Chromosome	AAAA	AAAC	AAAG	AAAT	AACA	AACC	AACG	AACT	AAGA	AAGC	AAGG	AAGT	AATA	AATC	AATG	AATT	ACAA	ACAC	ACAG	ACAT	ACCA	ACCC	ACCG	ACCT	ACGA	ACGC	ACGG	ACGT	ACTA	ACTC	ACTG	ACTT	AGAA	AGAC	AGAG	AGAT	AGCA	AGCC	AGCG	AGCT	AGGA	AGGC	AGGG	AGGT	AGTA	AGTC	AGTG	AGTT	ATAA	ATAC	ATAG	ATAT	ATCA	ATCC	ATCG	ATCT	ATGA	ATGC	ATGG	ATGT	ATTA	ATTC	ATTG	ATTT	CAAA	CAAC	CAAG	CAAT	CACA	CACC	CACG	CACT	CAGA	CAGC	CAGG	CAGT	CATA	CATC	CATG	CATT	CCAA	CCAC	CCAG	CCAT	CCCA	CCCC	CCCG	CCCT	CCGA	CCGC	CCGG	CCGT	CCTA	CCTC	CCTG	CCTT	CGAA	CGAC	CGAG	CGAT	CGCA	CGCC	CGCG	CGCT	CGGA	CGGC	CGGG	CGGT	CGTA	CGTC	CGTG	CGTT	CTAA	CTAC	CTAG	CTAT	CTCA	CTCC	CTCG	CTCT	CTGA	CTGC	CTGG	CTGT	CTTA	CTTC	CTTG	CTTT	GAAA	GAAC	GAAG	GAAT	GACA	GACC	GACG	GACT	GAGA	GAGC	GAGG	GAGT	GATA	GATC	GATG	GATT	GCAA	GCAC	GCAG	GCAT	GCCA	GCCC	GCCG	GCCT	GCGA	GCGC	GCGG	GCGT	GCTA	GCTC	GCTG	GCTT	GGAA	GGAC	GGAG	GGAT	GGCA	GGCC	GGCG	GGCT	GGGA	GGGC	GGGG	GGGT	GGTA	GGTC	GGTG	GGTT	GTAA	GTAC	GTAG	GTAT	GTCA	GTCC	GTCG	GTCT	GTGA	GTGC	GTGG	GTGT	GTTA	GTTC	GTTG	GTTT	TAAA	TAAC	TAAG	TAAT	TACA	TACC	TACG	TACT	TAGA	TAGC	TAGG	TAGT	TATA	TATC	TATG	TATT	TCAA	TCAC	TCAG	TCAT	TCCA	TCCC	TCCG	TCCT	TCGA	TCGC	TCGG	TCGT	TCTA	TCTC	TCTG	TCTT	TGAA	TGAC	TGAG	TGAT	TGCA	TGCC	TGCG	TGCT	TGGA	TGGC	TGGG	TGGT	TGTA	TGTC	TGTG	TGTT	TTAA	TTAC	TTAG	TTAT	TTCA	TTCC	TTCG	TTCT	TTGA	TTGC	TTGG	TTGT	TTTA	TTTC	TTTG	TTTT
chr1	6	5	3	4	1	1	3	0	3	1	4	2	2	1	4	3	0	2	3	3	0	3	3	1	5	1	6	3	2	0	0	3	3	2	2	2	4	3	1	1	5	2	3	4	2	0	2	3	3	1	2	5	7	3	1	2	3	1	1	2	1	1	3	7	2	0	3	1	2	2	5	1	1	5	3	1	1	5	1	5	4	1	1	1	1	2	4	2	3	3	2	5	1	2	1	2	2	2	4	2	2	3	0	1	3	0	4	4	2	4	3	2	1	1	3	2	0	1	0	2	1	1	1	4	3	0	2	1	7	0	2	3	3	2	5	1	3	0	4	2	5	2	0	1	0	6	3	3	3	3	2	1	1	0	1	1	1	0	4	0	3	7	1	1	3	2	2	3	2	3	1	3	3	5	4	0	2	2	3	4	3	2	5	2	4	1	5	1	1	1	0	4	3	0	2	2	2	2	2	3	2	3	3	2	3	5	2	3	2	1	3	5	3	1	4	2	1	2	2	3	3	1	2	1	4	0	2	3	3	1	0	0	2	5	1	1	4	3	2	1	1	5	2	1	1	4	2	1	1	1	2	3	4	6	2	8
chr1	6	6	4	4	3	1	5	5	5	1	1	5	6	6	3	5	4	3	1	3	1	1	3	3	4	1	1	1	2	1	0	7	4	0	1	2	5	1	2	3	1	1	0	0	2	1	5	1	4	3	2	2	8	2	2	4	0	0	4	4	4	3	1	4	4	6	0	6	2	2	2	1	0	5	0	2	2	3	1	1	1	2	0	0	0	4	0	4	3	1	0	1	1	1	1	6	5	2	1	5	0	1	0	1	0	0	0	1	0	2	0	3	3	2	0	0	2	1	2	1	0	1	2	2	7	4	8	8	7	1	6	5	3	0	0	0	1	1	1	2	1	5	3	3	3	1	2	1	0	1	2	1	1	0	0	1	1	0	0	6	4	0	1	1	1	1	0	1	2	0	0	2	1	1	0	2	2	1	0	2	3	2	2	0	2	2	1	1	2	3	3	2	3	1	2	5	3	5	0	4	1	4	0	0	2	2	1	3	8	1	4	3	2	2	0	1	5	0	0	2	2	4	4	7	6	1	2	4	1	1	0	2	3	2	4	1	2	3	1	4	2	6	3	4	3	0	1	12	11	1	3	3	2	6	6	8
chr10	6	4	4	3	1	2	1	4	3	3	3	4	3	1	3	5	4	0	1	4	3	3	0	4	1	0	3	0	2	1	4	2	4	2	4	2	2	2	0	4	5	3	1	1	1	1	2	1	1	6	0	5	1	3	3	4	4	3	2	3	1	2	2	4	4	0	2	3	2	3	0	2	5	4	2	0	2	5	2	1	3	4	3	2	2	1	2	2	0	0	0	3	2	1	4	6	1	1	0	2	2	0	0	2	4	1	0	1	0	1	3	1	4	1	2	3	4	2	2	3	4	1	2	4	2	4	2	7	5	1	7	3	3	1	2	1	4	0	3	1	5	2	4	1	0	1	5	2	2	2	1	2	0	0	1	1	2	4	0	3	5	3	1	3	1	3	2	2	1	0	0	2	1	1	1	2	2	1	1	0	0	1	2	3	5	0	2	1	0	2	1	3	2	3	0	3	3	4	1	2	0	1	2	0	2	3	3	2	2	2	2	2	5	1	0	5	3	4	2	1	3	5	3	4	6	1	3	6	3	2	0	1	2	4	2	1	2	3	2	2	1	2	0	2	3	5	3	5	3	2	3	1	2	8	4	18
chr10	7	2	5	1	7	3	3	1	7	1	4	4	5	0	2	2	4	2	1	2	1	2	3	0	2	1	5	4	2	2	1	1	5	1	4	2	1	0	1	4	3	2	2	1	3	2	1	1	4	2	2	4	3	2	3	0	2	1	4	2	4	3	1	6	2	4	3	2	1	2	2	3	1	0	2	2	4	5	2	5	2	1	2	3	0	1	1	2	1	2	4	0	0	2	1	2	2	0	0	3	3	1	0	1	2	6	1	2	3	2	3	3	1	3	0	1	2	0	2	3	0	3	4	4	1	3	2	2	3	6	6	4	0	0	2	0	3	3	1	0	1	2	2	3	2	3	2	2	2	0	1	1	0	1	1	2	0	2	5	4	7	1	1	0	4	3	2	1	2	2	2	2	0	5	2	2	1	2	2	2	3	3	2	4	5	1	0	2	1	3	5	4	3	3	2	2	1	1	5	2	1	2	1	1	2	1	3	4	3	2	0	9	5	1	2	2	2	1	1	5	3	1	4	1	5	0	2	3	1	0	1	5	2	0	3	4	1	3	2	7	4	2	1	3	5	5	2	2	3	2	1	5	4	5	3	5
chr10	5	6	1	5	2	1	2	5	2	0	1	3	2	3	5	1	1	6	1	4	2	4	2	1	2	0	1	4	1	1	3	6	2	3	2	1	1	0	0	0	1	1	2	3	0	2	1	0	1	3	0	2	5	2	1	4	2	3	1	6	4	2	2	4	3	1	1	0	4	7	3	1	1	0	2	0	2	2	3	7	1	3	2	2	5	6	1	3	0	2	1	1	1	1	1	3	1	0	1	2	0	1	1	0	2	6	2	1	1	0	3	4	2	1	1	1	2	4	2	3	3	1	1	2	3	2	4	8	6	1	4	1	5	0	1	0	4	1	1	0	0	4	1	1	1	2	0	1	0	2	0	0	1	0	6	1	2	3	1	3	4	0	1	1	1	0	5	4	1	2	0	2	1	2	1	4	3	1	0	1	3	0	0	4	4	2	3	2	0	1	1	8	3	2	0	5	1	1	1	5	1	0	3	0	2	3	3	3	2	4	0	7	1	3	1	2	1	0	2	2	1	6	3	5	5	3	2	2	2	1	2	5	2	1	1	2	3	3	6	2	4	3	3	7	3	1	2	4	3	4	1	4	10	5	5	29
chr10	0	0	2	5	1	1	2	3	2	1	1	4	4	3	6	6	3	0	1	3	0	5	1	0	2	2	2	0	1	2	2	6	1	1	0	1	0	2	0	1	1	0	2	0	1	3	1	2	5	4	1	2	5	5	5	5	6	0	3	5	2	4	6	3	2	0	3	5	0	1	1	6	0	1	1	0	2	7	1	4	2	2	0	6	5	1	0	0	1	0	0	1	1	4	2	3	3	0	0	1	0	0	1	2	2	2	1	2	3	5	0	2	1	0	2	2	2	4	0	3	1	2	2	4	2	6	5	8	3	3	1	4	3	3	0	1	0	0	0	2	1	7	1	1	1	0	0	2	2	0	1	2	0	1	2	1	2	0	2	2	2	0	2	3	3	1	1	0	1	0	0	2	3	2	2	0	4	1	0	6	4	0	3	4	2	1	2	0	7	0	1	3	2	3	2	5	3	1	3	1	1	1	1	1	5	3	6	4	4	6	1	3	3	0	0	8	1	0	3	8	1	3	3	10	5	6	0	5	0	2	2	3	3	3	0	3	4	1	2	7	2	3	1	8	3	2	4	5	7	4	2	5	3	5	6	9
chr10	3	0	5	2	0	2	2	3	9	2	13	2	2	1	2	2	2	4	0	1	5	1	5	0	2	2	0	0	1	4	8	3	7	3	3	2	2	0	0	2	3	3	1	7	1	1	1	2	0	1	0	1	4	1	1	1	3	1	3	3	0	1	6	0	3	4	9	3	3	4	0	7	3	1	0	1	0	3	2	3	8	6	4	5	3	0	0	0	0	3	2	2	1	0	0	0	0	1	0	3	0	1	0	5	0	0	0	4	0	1	0	1	4	1	1	0	2	7	0	1	1	5	3	7	1	3	4	2	2	1	8	2	2	5	1	5	2	0	1	1	0	1	5	1	2	2	0	0	6	0	1	0	0	0	0	0	3	4	7	3	3	2	1	0	1	1	0	5	0	0	1	3	5	3	6	5	2	1	2	2	2	3	3	2	0	2	2	3	4	2	9	6	2	2	4	0	2	1	1	1	1	1	0	1	0	2	1	1	6	2	1	2	9	2	1	1	2	1	2	0	1	2	1	4	3	7	0	2	1	5	0	5	3	4	2	5	1	5	0	13	2	2	0	1	3	2	1	4	8	3	6	6	0	4	4	2
chr11	13	4	12	5	8	2	1	1	11	6	4	3	4	1	3	1	6	1	2	2	1	0	1	0	2	2	0	1	4	2	2	1	11	0	3	3	6	2	3	4	7	0	5	2	6	0	4	3	5	2	2	4	1	1	1	3	5	2	1	3	3	3	3	1	11	3	2	1	0	0	0	4	2	3	1	1	2	2	3	1	1	1	4	2	1	0	0	0	0	1	0	0	0	1	0	4	0	1	3	1	2	3	1	2	1	1	1	0	0	1	1	1	1	0	1	4	3	2	2	2	1	0	2	1	3	1	4	4	5	4	6	1	2	0	2	2	2	4	5	2	2	2	3	4	7	1	1	3	2	1	0	4	3	2	3	0	2	1	1	2	4	2	5	3	2	1	2	0	3	2	0	2	1	0	3	0	3	0	7	3	0	1	1	1	3	1	3	4	2	1	2	3	5	1	4	2	1	0	2	2	2	2	4	7	4	1	2	4	3	1	0	1	4	0	0	1	0	3	0	2	0	5	1	5	1	3	2	4	2	1	2	0	3	2	1	0	6	2	3	4	3	3	5	1	1	1	1	5	1	2	0	7	4	3	1	4
chr11	3	4	2	1	9	7	4	6	2	5	4	2	0	4	3	0	10	6	4	6	11	0	4	2	3	1	1	2	12	6	2	2	4	1	0	0	6	3	2	3	2	1	2	1	0	2	3	1	0	2	2	1	1	3	0	4	1	2	3	1	1	0	2	3	3	17	9	3	10	2	0	9	2	4	2	0	3	3	1	3	7	10	2	1	3	0	1	0	1	4	1	2	3	4	0	0	1	1	0	2	1	1	0	4	0	1	0	2	0	1	2	4	3	15	6	1	7	5	0	2	4	4	0	1	0	3	0	2	3	1	2	2	3	0	1	2	0	0	0	0	1	0	2	2	6	5	0	2	3	3	0	1	0	1	1	1	6	3	3	1	0	1	0	2	1	1	1	2	0	2	0	0	2	1	1	3	1	1	2	1	1	2	1	1	0	2	4	1	2	4	3	0	1	4	0	1	4	8	2	5	1	5	0	4	1	1	1	1	9	0	2	1	3	1	3	4	0	0	0	2	4	1	4	2	3	3	0	1	5	2	0	4	1	2	0	4	2	1	1	1	2	1	0	1	3	1	1	4	2	3	0	2	1	2	2	1
chr11	4	2	2	1	1	0	1	3	2	6	0	4	1	3	2	0	0	2	2	3	3	5	1	2	2	0	3	0	2	3	1	1	1	3	1	2	3	4	3	2	2	2	2	1	2	4	4	3	0	1	3	3	2	3	2	5	4	0	3	2	1	3	4	1	2	0	3	1	1	5	1	0	2	4	5	3	4	3	2	5	2	3	4	4	3	6	5	5	1	2	1	3	2	4	4	4	0	3	3	1	2	1	0	0	1	1	2	1	2	3	3	2	1	2	1	1	1	5	1	4	3	4	1	2	0	2	4	7	2	3	5	3	4	3	2	3	2	1	2	2	0	4	2	1	4	1	4	3	3	2	0	3	2	0	1	3	0	1	1	2	5	2	2	3	2	1	2	1	4	2	1	1	1	1	1	1	1	2	2	5	5	3	2	3	2	3	2	3	2	2	4	0	1	0	2	1	1	3	1	1	1	1	0	4	2	2	3	3	0	1	5	3	4	6	1	4	2	1	0	4	1	3	4	6	7	4	1	1	5	2	1	1	5	1	3	1	5	5	2	2	2	1	0	1	1	4	2	2	4	2	4	7	1	2	5	6
chr12	5	0	6	3	2	3	3	1	7	0	2	4	1	5	2	3	4	1	1	0	5	0	5	9	1	0	0	3	0	1	0	4	1	2	1	7	2	1	1	2	2	0	3	2	1	5	4	0	0	5	2	0	4	1	3	7	0	0	3	4	0	4	0	4	7	5	3	3	1	3	0	0	3	2	0	2	2	1	0	0	2	2	1	1	0	0	0	0	0	0	5	1	0	5	2	9	1	3	0	3	0	0	0	0	3	2	0	2	0	1	1	4	1	2	3	0	2	1	0	5	1	4	3	2	10	7	7	3	1	0	3	4	3	0	1	4	0	0	4	1	3	7	4	5	3	1	0	3	0	0	0	1	0	0	0	1	0	0	2	2	2	1	4	5	2	0	0	0	2	0	0	1	1	2	1	4	2	0	2	1	5	1	3	8	2	0	1	3	3	2	7	2	1	4	1	1	0	13	0	0	1	4	1	3	1	2	1	0	9	0	5	0	1	0	1	6	6	0	2	1	6	2	6	11	4	2	0	4	3	0	0	2	5	0	0	3	3	9	0	6	4	6	2	3	3	5	3	5	7	1	1	9	2	3	4	6
chr12	3	4	5	4	3	2	1	3	6	3	0	9	2	4	5	3	3	0	3	3	8	6	4	2	1	2	0	1	0	0	0	4	1	5	1	3	3	0	4	4	1	0	0	1	3	2	4	3	1	2	0	1	4	1	3	4	1	0	6	0	0	4	2	2	8	4	6	4	0	8	0	0	0	5	0	3	1	4	1	3	6	3	3	1	4	0	0	2	1	0	0	3	0	0	0	9	3	1	0	2	1	0	0	1	0	2	0	2	1	4	1	2	0	1	0	0	1	0	0	2	0	0	4	1	6	10	11	3	3	0	4	4	6	3	2	1	3	0	1	0	1	2	1	2	3	1	2	1	0	0	0	1	0	0	3	2	0	1	2	4	1	3	2	1	3	1	1	1	2	0	1	4	5	1	2	4	4	2	3	0	5	2	2	2	1	1	3	3	2	5	4	3	2	1	3	2	0	7	1	0	1	3	1	0	0	1	0	0	10	4	0	4	1	0	0	4	4	0	1	2	1	2	3	13	6	3	1	0	0	0	0	1	4	4	6	6	0	4	1	5	3	3	2	0	8	2	2	11	8	0	7	6	0	4	4	0
chr12	3	1	8	3	3	1	3	1	8	5	2	4	5	0	3	5	2	1	7	1	3	0	1	0	1	0	3	3	0	1	2	2	12	3	2	5	7	0	8	2	4	1	0	4	6	0	6	3	4	2	4	3	1	0	3	0	1	3	3	3	5	1	3	4	6	1	2	3	2	1	1	0	6	5	1	7	0	1	1	3	2	0	1	1	1	0	0	0	1	1	0	2	0	0	0	0	2	5	0	1	2	0	1	0	1	4	0	3	1	1	1	3	0	0	0	0	1	1	0	0	2	2	2	0	0	3	3	4	5	3	6	5	6	1	3	2	2	3	3	2	5	0	3	3	6	1	8	2	0	0	3	0	5	0	5	1	0	0	3	2	4	0	6	2	3	1	3	2	1	2	2	0	5	2	8	0	3	1	8	2	2	0	0	1	4	0	8	3	4	2	3	2	1	3	3	2	0	1	0	2	6	4	3	2	3	3	3	2	2	2	3	1	0	1	0	0	1	2	0	0	0	1	1	6	1	4	2	3	5	2	0	1	6	2	3	8	2	0	0	5	2	0	3	6	4	0	0	7	3	3	6	1	2	5	3	1
chr12	0	2	1	0	1	1	2	2	1	3	1	3	0	0	1	2	0	0	4	1	4	2	1	4	2	1	5	3	5	0	4	3	3	1	2	2	1	3	0	2	4	2	0	2	2	1	5	9	2	0	4	0	0	2	0	0	3	3	0	5	1	3	2	2	2	1	0	0	2	7	0	1	2	1	0	5	3	1	0	2	2	4	0	3	1	0	3	0	1	2	4	5	1	0	1	3	3	1	0	0	1	1	0	3	2	4	0	5	1	4	3	4	2	5	1	2	1	1	0	2	3	1	1	3	3	0	8	3	1	1	3	3	1	0	6	2	0	1	5	3	1	1	8	4	1	4	2	2	4	1	2	1	1	2	1	0	3	0	3	7	0	3	3	2	3	2	2	2	0	1	0	0	7	1	5	2	2	3	9	2	3	1	3	3	2	5	7	5	1	0	14	3	0	2	4	0	1	3	3	7	5	1	2	6	2	0	2	0	0	2	2	0	0	1	6	0	0	0	1	4	1	4	0	1	2	4	4	10	3	2	2	6	2	2	1	8	6	4	6	3	0	6	0	0	0	3	2	1	12	4	6	6	1	3	4	4
chr12	4	3	3	2	5	3	3	3	5	2	3	1	3	2	2	4	5	0	3	2	6	2	0	2	5	0	2	2	2	2	3	5	7	2	2	2	0	3	1	1	4	1	0	2	1	1	0	2	1	2	0	3	2	2	2	2	5	1	1	1	3	3	3	5	2	5	6	3	0	0	1	1	3	1	1	2	1	3	2	4	6	1	1	5	2	1	0	3	0	1	0	3	3	1	2	3	2	2	1	2	1	0	0	4	1	1	1	3	1	0	1	3	3	5	3	1	0	1	2	0	0	1	2	4	3	5	3	8	3	5	1	4	1	3	3	1	3	1	2	0	2	1	2	4	1	0	1	1	2	0	2	1	0	0	1	0	4	0	1	6	2	1	2	1	0	1	0	4	0	2	0	2	1	1	3	9	1	3	0	0	4	1	1	1	0	1	2	3	5	4	5	5	3	1	1	2	4	4	2	8	2	1	1	1	0	2	2	2	4	1	2	2	3	3	2	3	2	4	3	0	3	0	1	5	2	3	1	4	2	1	0	2	1	1	3	7	1	5	2	5	2	8	2	2	3	7	4	6	5	2	7	5	3	8	8	5
chr12	5	4	4	4	6	1	2	1	6	0	1	3	4	1	8	3	7	2	0	5	5	0	1	1	5	1	1	1	4	1	7	4	3	3	2	3	0	1	0	2	2	1	1	0	1	1	2	3	1	5	2	2	6	3	2	2	10	1	5	1	4	0	8	0	2	4	5	3	2	1	0	4	0	0	0	0	2	6	3	3	4	1	0	5	1	0	0	0	0	1	1	0	0	0	2	1	3	2	0	2	0	0	0	3	2	1	0	1	0	0	0	1	1	3	3	1	0	0	0	2	4	3	4	3	3	4	6	4	7	1	1	8	2	3	4	5	2	1	3	3	3	2	5	3	0	2	0	0	1	0	1	1	0	1	1	0	3	1	1	7	3	2	3	3	2	0	1	3	1	0	4	5	2	3	4	3	0	2	1	1	2	1	0	2	4	1	2	3	4	2	3	3	2	1	0	1	4	2	2	6	3	2	0	1	1	4	1	3	3	2	0	4	3	1	0	1	2	0	1	0	1	0	4	5	8	8	4	5	0	2	1	4	6	4	5	6	1	1	4	5	2	4	0	5	1	1	1	4	7	2	10	4	0	1	6	1
chr12	10	9	7	4	10	1	4	3	5	4	4	5	1	1	4	6	9	3	2	2	2	2	2	1	2	0	1	3	1	1	2	3	4	1	1	2	1	1	2	3	4	1	0	1	0	1	3	3	3	2	0	2	2	2	1	2	2	1	2	2	4	4	3	5	7	5	4	3	2	4	1	2	1	1	1	1	2	2	1	4	3	1	1	3	2	1	1	0	3	2	3	2	0	2	0	4	6	1	1	0	0	1	0	2	1	1	0	4	1	2	3	4	2	0	0	1	3	0	0	2	1	0	3	3	2	2	4	6	6	4	3	4	1	1	0	0	2	2	1	1	2	1	2	3	1	1	0	3	2	1	3	1	1	1	1	1	1	0	2	2	5	0	1	3	3	1	2	0	1	2	0	1	1	1	4	2	2	2	0	0	1	1	3	2	3	2	3	5	6	4	3	3	7	1	4	1	3	1	1	2	0	0	0	0	2	3	0	3	6	4	1	1	2	0	4	4	2	0	1	4	1	2	3	5	2	0	3	3	1	4	0	0	3	2	4	2	2	3	3	7	6	3	0	5	6	7	3	5	2	2	3	5	2	11	2	3
chr12	3	6	1	5	4	6	5	3	3	1	1	2	2	3	4	6	3	0	3	4	9	1	2	3	4	1	2	1	1	2	1	1	4	1	3	1	7	1	0	1	2	2	1	2	3	0	4	3	2	2	2	2	6	4	1	4	3	2	5	1	2	3	3	5	8	5	1	5	1	5	1	0	1	4	2	3	3	8	5	3	5	2	2	7	1	0	1	0	2	1	0	0	0	1	1	5	1	1	1	4	2	0	0	0	0	0	0	2	0	0	0	2	2	2	1	0	3	0	0	4	3	1	3	2	1	3	6	4	4	5	2	2	3	1	0	1	2	2	4	3	3	2	2	2	5	0	4	3	5	0	0	0	1	0	0	1	1	1	1	1	2	0	4	2	1	3	2	1	0	1	0	2	2	2	3	4	3	1	1	1	1	1	0	3	2	1	5	1	4	3	2	4	0	2	3	3	2	3	2	1	3	2	0	2	0	2	0	2	5	5	1	5	1	1	0	4	0	0	1	0	3	3	6	7	6	3	3	2	2	1	0	2	6	4	2	5	1	3	2	4	1	3	3	1	6	1	0	8	6	1	4	6	1	6	6	0
chr12	5	1	9	0	4	0	4	5	2	0	2	5	1	1	5	0	0	5	7	0	16	0	5	1	0	0	0	5	18	5	8	1	4	1	1	1	11	0	1	2	8	1	1	1	6	0	11	0	0	0	2	0	4	0	0	0	1	5	3	2	1	1	3	0	1	11	0	2	1	5	1	12	3	10	8	4	0	2	3	2	10	9	10	1	0	0	0	0	4	0	0	1	0	0	1	0	2	6	0	2	0	0	0	0	0	0	0	0	0	5	1	1	3	16	9	1	0	6	0	0	5	6	0	2	0	2	1	0	9	1	0	2	7	1	0	9	1	1	1	0	1	1	2	2	1	5	4	4	6	0	0	0	5	0	0	1	9	1	3	2	2	8	1	1	0	1	1	2	0	1	0	0	1	0	1	0	0	5	1	1	4	0	1	2	2	10	2	0	1	0	1	0	0	0	0	3	0	16	0	7	1	3	0	8	0	0	1	1	3	0	4	2	8	0	0	0	1	0	0	0	2	0	1	0	4	2	1	2	3	5	4	11	4	2	0	1	0	2	1	1	0	2	0	0	1	2	0	0	1	2	2	0	0	0	0	0
chr13	11	3	3	3	2	2	1	1	8	3	5	1	3	2	4	3	1	5	3	1	7	1	1	1	0	2	0	1	4	1	2	2	8	3	3	3	6	2	0	1	4	1	1	3	3	0	7	5	3	4	2	4	2	4	0	1	2	0	4	4	3	2	1	8	1	0	2	2	2	4	1	3	4	2	2	4	5	2	2	3	2	3	6	6	2	1	0	0	1	1	4	0	0	2	1	3	0	0	0	2	0	2	1	1	1	2	0	3	1	0	0	1	2	1	2	2	1	2	1	2	3	1	1	1	1	1	1	5	5	2	8	5	1	1	1	3	1	2	2	4	2	2	2	3	1	1	3	2	1	1	4	2	0	0	1	0	1	1	3	1	4	2	2	1	0	2	0	2	1	0	0	1	6	1	3	2	4	2	4	3	0	2	1	0	4	2	4	3	2	2	4	3	3	1	4	2	5	3	0	2	4	2	0	6	3	1	2	5	1	1	0	3	7	0	1	3	1	1	1	1	2	2	0	1	8	1	4	3	1	2	0	2	3	1	1	5	3	2	3	3	1	3	4	2	2	3	2	2	7	2	1	3	4	4	8	13
chr13	13	5	5	7	7	0	2	1	4	4	3	4	6	3	4	3	5	1	2	3	1	5	1	1	0	2	1	2	4	2	2	1	4	1	3	4	6	1	2	2	0	1	1	5	4	3	2	0	4	5	2	7	1	1	2	2	3	1	5	3	6	2	3	5	5	3	2	4	1	2	1	3	2	3	1	1	3	1	3	4	1	2	2	2	5	3	2	1	1	1	0	3	2	6	1	0	2	0	2	2	4	2	0	0	1	0	1	1	1	1	5	0	3	1	3	3	1	2	4	4	1	2	1	3	1	2	2	0	6	0	5	1	1	1	0	2	4	1	1	1	4	0	2	3	6	3	2	3	1	2	1	4	0	0	0	2	0	0	2	1	2	1	1	2	2	2	0	0	3	0	0	0	4	2	1	3	4	3	3	4	4	1	1	4	2	2	3	2	3	0	0	1	6	2	3	4	2	5	2	3	2	3	2	3	5	2	3	6	2	1	1	3	0	1	1	3	5	2	2	0	4	3	3	3	4	2	1	1	2	3	0	1	2	3	1	4	5	4	1	1	4	3	2	2	1	1	2	3	2	1	1	3	1	3	2	4
chr13	9	2	7	5	15	2	3	1	8	3	4	1	7	1	2	2	12	2	6	2	3	1	2	5	2	2	1	1	0	3	0	1	7	4	2	4	2	1	1	1	3	2	0	4	0	0	2	3	7	1	1	6	4	1	3	4	2	3	3	4	1	4	0	5	6	10	4	4	4	4	1	2	4	2	1	4	1	4	2	2	2	4	1	1	1	0	1	3	1	4	1	0	6	3	1	3	1	1	4	1	3	2	1	2	0	2	1	1	2	1	0	1	1	3	1	5	1	4	2	1	1	2	2	0	0	4	2	4	4	5	3	0	2	3	0	0	4	0	3	0	1	3	4	4	6	1	3	1	1	3	0	2	1	1	1	1	0	1	3	4	1	0	0	3	3	0	2	2	0	0	0	1	2	1	2	2	3	2	0	1	1	2	0	0	2	3	0	1	2	4	0	1	4	4	2	3	2	2	2	1	1	0	1	0	6	4	4	2	4	4	1	5	3	1	3	3	3	1	1	2	4	1	1	2	3	0	1	4	3	3	0	3	1	3	0	1	1	1	2	1	2	1	0	4	8	3	2	3	3	1	0	0	4	4	2	7
chr13	2	3	2	4	2	2	0	3	3	0	0	0	2	3	6	4	1	1	1	2	4	0	1	3	0	0	0	3	3	2	4	2	4	1	2	1	1	0	0	0	1	0	0	3	0	0	2	2	0	2	0	4	3	0	3	7	4	1	7	3	3	2	8	7	6	2	0	4	1	1	0	1	1	1	0	2	1	2	1	3	5	0	1	1	0	0	0	0	2	1	1	0	2	0	1	4	1	0	0	1	1	1	0	2	2	0	0	1	1	3	0	3	3	1	2	5	0	2	0	3	1	0	7	5	2	3	0	7	2	1	1	3	1	0	3	3	1	0	1	1	2	3	2	5	0	1	0	2	0	0	1	3	0	0	0	1	2	0	2	1	0	5	1	1	0	0	0	0	1	0	0	5	13	1	5	10	0	6	2	8	1	2	2	3	3	3	3	2	5	3	4	7	1	1	0	4	1	5	0	4	3	0	3	1	1	6	6	8	6	1	2	2	3	0	2	1	0	2	2	3	4	3	6	5	2	1	0	9	1	3	1	3	3	0	6	20	2	4	4	4	3	1	3	4	7	2	2	5	4	4	12	4	1	8	12	3
chr13	4	3	4	4	1	3	3	1	5	0	4	2	2	0	4	2	2	5	2	2	2	0	3	1	2	3	3	4	1	2	0	1	3	3	3	3	0	1	2	1	3	3	1	4	3	2	1	0	2	3	1	5	2	0	0	3	5	2	2	7	4	2	2	4	2	1	4	2	5	1	2	1	2	1	1	1	1	2	2	0	3	2	3	0	3	0	0	0	1	0	9	3	0	1	0	1	3	0	0	2	2	1	0	2	5	5	1	1	5	1	2	4	0	2	0	3	0	2	2	5	3	1	3	1	1	2	3	5	7	3	2	1	3	0	2	1	3	2	3	1	4	1	4	2	2	1	0	3	3	0	5	0	2	1	0	2	3	2	3	3	4	1	4	3	4	4	1	5	1	1	0	1	3	0	4	3	1	4	5	5	1	2	0	2	1	2	3	2	2	2	5	4	2	1	1	1	2	2	5	1	2	1	3	2	4	2	6	7	2	1	0	0	0	3	5	1	0	1	0	3	1	4	5	6	3	2	2	3	0	2	2	3	3	5	1	4	4	2	1	7	2	1	2	6	0	5	2	6	1	2	5	4	4	7	2	8
chr13	5	1	4	8	4	3	1	1	6	5	3	2	6	4	4	6	4	0	2	2	2	1	0	2	0	1	2	1	3	0	1	2	6	1	2	1	1	2	3	4	2	3	1	3	1	1	2	2	6	3	2	4	2	4	1	3	2	2	2	1	1	4	1	3	2	4	2	4	1	1	1	0	2	1	3	0	1	2	1	3	0	1	2	3	2	3	4	2	1	4	2	4	0	3	1	4	3	2	0	0	3	1	4	2	3	3	3	2	3	2	1	2	1	1	1	5	1	2	1	2	2	2	0	4	0	3	4	10	6	1	3	5	2	1	0	3	1	2	2	2	1	2	1	0	7	0	1	0	0	3	2	1	3	3	5	2	3	2	3	5	3	2	1	1	2	2	2	4	1	1	0	2	3	3	0	1	7	0	2	2	0	4	2	1	2	1	1	1	2	2	1	1	5	3	7	2	1	0	2	2	1	2	1	2	7	2	1	1	1	2	1	2	2	4	5	3	1	2	2	1	2	1	3	6	3	1	4	2	2	1	4	3	1	3	0	0	4	1	2	1	3	1	1	0	3	4	2	6	4	5	1	2	2	6	6	14
chr13	9	2	3	7	2	0	1	3	5	1	2	4	0	3	9	5	0	1	3	6	1	3	2	1	1	2	0	1	2	2	1	5	3	0	2	5	2	2	3	1	2	3	0	1	8	1	1	3	4	3	1	2	2	0	0	3	3	2	6	6	7	3	6	4	1	1	4	2	1	3	0	3	1	2	0	6	4	2	0	3	3	1	2	2	4	1	1	0	2	1	2	3	2	2	3	2	3	0	2	1	1	0	2	1	2	2	1	0	4	3	1	0	3	1	2	2	1	2	2	3	2	1	2	0	2	3	4	3	6	1	2	2	0	1	2	1	3	2	3	1	2	0	4	6	3	4	1	0	1	0	2	3	2	0	2	4	1	2	1	3	4	1	2	3	4	3	1	1	1	0	0	1	1	0	2	1	6	4	1	5	1	3	1	0	1	2	1	1	3	2	1	2	5	2	3	6	7	3	1	3	1	2	1	2	4	0	4	6	3	1	3	1	2	2	3	5	1	1	1	0	3	2	0	2	1	3	3	3	1	1	2	4	5	4	1	2	3	1	1	4	3	6	2	5	4	7	0	1	4	3	3	2	4	4	1	9
chr13	3	3	2	5	2	2	2	2	5	0	2	2	5	1	6	3	0	0	2	3	3	1	3	2	1	0	1	2	1	1	1	3	2	0	4	6	3	0	1	2	1	1	7	0	1	1	3	4	4	4	2	11	5	2	4	3	2	6	3	4	7	1	2	0	4	2	2	0	1	1	0	1	2	1	2	1	5	5	0	3	1	1	3	2	1	3	2	2	1	2	2	2	1	3	1	0	3	1	3	3	0	1	1	2	2	2	3	1	5	0	4	1	1	0	1	3	2	0	4	2	1	1	0	1	1	2	1	4	2	1	4	4	0	1	1	2	3	2	4	2	2	5	3	1	3	1	0	6	2	2	1	1	4	0	2	2	1	0	1	2	4	1	2	1	3	1	2	0	4	3	4	5	3	1	1	5	3	1	3	4	0	0	2	1	3	4	2	1	4	1	2	6	4	2	1	6	2	5	1	1	2	3	1	4	9	3	6	3	4	1	1	2	1	2	1	0	3	2	3	4	2	4	0	4	2	2	2	1	4	4	4	0	1	0	2	4	2	1	2	3	5	4	4	3	1	2	2	4	1	1	2	2	4	5	1	15
chr13	3	2	4	6	4	0	2	0	4	1	6	6	5	1	7	4	6	6	2	4	1	2	2	3	2	2	2	2	3	0	0	1	8	1	3	2	1	1	2	2	6	2	0	1	5	3	4	3	4	3	2	4	3	0	1	3	1	4	4	6	2	2	4	3	2	1	4	4	5	2	1	3	1	2	1	3	4	2	4	2	2	0	1	1	2	2	0	2	0	3	2	0	3	1	2	4	1	1	1	1	0	0	2	5	2	3	0	0	0	1	4	1	4	5	1	1	4	0	0	1	0	4	1	1	3	3	3	3	7	2	4	2	1	3	1	1	4	2	1	4	1	2	3	3	0	4	3	2	1	1	1	2	2	2	1	2	2	1	3	3	4	4	4	2	4	0	0	2	1	0	1	2	2	0	1	1	2	4	3	2	2	1	1	2	4	0	4	2	3	3	1	1	3	1	4	5	8	3	4	0	5	1	2	2	3	2	1	2	3	1	1	5	0	1	2	3	0	0	0	2	3	3	1	4	2	0	3	4	4	4	3	0	5	1	3	1	4	2	1	3	3	3	4	1	1	5	0	5	4	3	1	1	3	3	1	5
chr13	11	1	5	3	2	1	4	2	4	2	3	2	7	3	3	4	3	0	2	1	2	2	1	1	4	1	2	3	0	2	2	2	2	0	5	2	2	2	0	4	3	2	1	2	4	2	5	4	6	8	2	3	2	3	1	3	4	2	3	1	2	0	7	2	1	3	2	4	0	2	1	0	0	1	0	6	3	2	3	1	3	1	3	2	1	1	0	3	1	0	1	1	0	2	1	3	4	0	4	2	0	0	0	1	0	3	2	2	2	2	1	4	1	1	0	1	0	0	4	4	4	2	0	1	1	2	5	3	5	3	1	5	2	2	1	1	2	3	4	5	3	2	4	5	2	1	1	4	2	1	0	0	3	0	1	2	1	1	2	3	3	1	1	4	3	1	2	0	5	1	3	0	3	1	3	1	3	1	5	2	2	3	2	3	5	1	2	5	2	0	3	4	3	2	3	5	2	1	4	3	3	2	1	2	6	2	0	1	2	1	1	2	4	1	2	2	2	0	3	3	2	3	2	3	5	5	4	6	3	0	4	3	1	0	3	4	2	5	4	0	3	0	1	3	2	3	1	0	7	5	3	4	2	4	4	4
chr14	1	1	2	2	3	1	4	2	3	1	0	7	3	1	3	0	3	3	9	1	2	4	1	1	4	2	2	4	1	0	8	0	4	7	1	4	3	0	1	1	6	1	2	3	6	5	9	2	2	2	5	0	0	1	1	0	5	0	2	4	0	0	0	0	2	2	0	3	4	0	2	2	4	2	1	7	1	1	1	0	2	2	2	1	5	1	1	2	1	0	1	0	1	0	4	1	2	1	2	2	1	1	0	2	2	0	0	3	1	2	3	3	1	2	2	0	0	1	0	1	1	1	6	10	1	1	0	1	1	3	7	1	5	2	5	3	2	0	10	4	4	0	6	0	0	3	1	1	0	1	0	3	1	2	2	0	2	2	1	0	1	3	9	2	0	1	2	1	2	0	1	1	6	2	4	7	5	5	7	1	2	1	5	6	7	2	11	4	2	2	8	4	2	4	2	1	4	5	1	2	7	2	1	4	0	0	1	0	2	0	2	0	0	3	1	0	1	0	0	5	1	0	5	2	5	4	4	2	1	2	2	1	5	3	1	12	5	5	8	4	1	3	0	0	2	1	0	1	2	3	2	4	1	1	3	0
chr14	6	1	5	2	0	4	0	0	3	2	6	2	3	1	0	4	1	2	3	2	2	2	5	4	0	1	3	0	0	2	0	2	4	1	4	5	1	6	0	0	4	1	6	4	0	3	2	2	3	1	2	5	2	1	1	2	2	0	3	2	1	3	3	6	3	0	2	2	3	7	1	2	2	1	2	1	1	2	1	4	4	6	1	2	3	0	0	1	3	0	3	3	0	4	1	7	3	1	2	0	1	1	0	0	0	2	5	2	1	1	1	0	0	0	0	3	1	4	0	4	2	0	0	1	4	7	4	4	5	1	5	2	3	2	3	1	5	2	5	3	2	3	2	1	0	2	1	1	6	1	2	3	1	0	1	0	0	0	0	3	3	4	6	3	2	3	2	2	6	5	9	2	5	1	2	2	1	1	2	2	2	1	1	3	2	0	3	2	1	0	0	4	0	2	1	2	2	0	0	1	4	2	2	1	5	0	4	4	2	3	1	3	2	1	2	4	2	1	2	1	3	3	2	7	3	3	3	0	0	2	0	1	6	1	2	2	0	2	2	1	1	1	5	3	4	3	3	6	3	3	5	0	4	6	4	27
chr14	9	3	5	6	7	5	1	0	8	4	3	2	5	2	2	3	7	3	3	4	5	6	1	3	1	1	0	2	7	0	1	2	10	2	5	2	6	1	2	0	1	0	3	2	3	1	0	1	6	4	1	9	2	5	3	0	4	1	2	1	3	1	5	5	3	7	3	3	3	2	1	4	2	2	0	1	7	3	2	4	5	3	0	4	3	1	1	2	0	2	4	3	3	4	1	1	1	1	2	3	2	1	0	2	2	0	2	1	2	2	1	2	3	4	4	3	1	2	2	1	0	1	1	1	0	2	1	2	8	2	5	0	3	2	0	3	5	1	3	1	3	1	2	2	3	2	2	3	0	0	2	1	2	0	1	1	0	2	1	0	2	2	0	1	1	1	1	1	1	3	2	3	2	1	3	3	1	5	1	2	1	2	1	3	2	0	1	1	2	5	1	0	3	1	4	3	4	6	2	3	4	2	0	1	5	4	2	5	1	2	0	5	4	0	5	3	4	2	0	1	4	0	0	1	2	3	3	2	1	0	1	0	1	1	2	3	2	3	0	2	1	2	1	2	4	3	1	1	4	0	3	4	1	2	4	3
chr14	3	7	1	3	9	6	0	3	12	0	2	17	1	1	1	3	13	3	0	2	10	4	6	4	0	0	4	0	4	11	4	5	2	10	0	0	0	1	1	0	0	1	1	0	6	4	0	8	2	4	0	1	0	1	1	1	3	1	4	0	1	0	2	2	8	7	18	1	8	3	0	8	0	1	0	0	5	2	2	0	14	9	1	5	4	4	1	1	0	2	3	3	0	4	2	0	0	0	0	0	0	1	0	2	1	0	0	7	1	0	0	2	4	5	1	1	7	6	0	3	0	2	4	1	1	3	0	3	2	2	2	0	1	6	1	4	0	0	0	0	0	0	0	1	0	0	0	0	3	2	1	0	0	1	0	0	2	0	0	1	0	1	0	0	0	1	0	0	0	0	0	1	12	2	3	0	7	8	1	3	1	4	0	2	2	0	0	1	2	7	2	2	1	2	10	2	0	9	3	9	0	1	0	1	1	0	5	1	7	7	0	2	12	0	0	1	0	0	1	0	5	1	1	1	4	1	0	1	0	3	0	2	0	0	0	9	0	1	0	3	2	3	0	2	8	2	0	2	1	2	1	2	3	2	2	0
chr14	7	1	1	5	5	0	2	3	1	4	1	2	3	0	2	4	4	3	4	5	5	2	0	3	0	1	1	2	1	2	1	2	3	2	3	5	3	0	3	3	2	2	0	4	4	1	2	2	1	1	4	9	2	1	0	2	3	2	3	7	5	3	2	5	3	2	2	3	4	5	1	1	5	0	2	3	3	1	5	3	2	2	3	1	0	0	2	2	1	0	2	1	1	2	4	1	1	3	1	1	1	1	1	0	0	1	1	2	4	1	2	1	1	1	1	1	2	0	3	4	1	5	1	3	0	1	5	3	3	3	3	1	4	1	0	2	5	1	1	2	4	0	2	5	2	2	3	2	1	0	1	2	2	0	1	4	0	1	2	4	1	0	2	1	0	1	1	1	1	0	0	1	1	3	4	3	3	3	4	3	3	3	2	2	6	4	1	3	4	2	1	3	1	4	2	0	3	4	1	0	2	4	4	2	5	4	6	4	2	4	0	4	2	2	1	1	3	2	0	1	2	4	3	2	5	2	3	4	5	2	2	3	1	0	1	4	4	5	6	4	2	2	3	6	3	2	1	3	4	1	1	6	4	3	4	5
chr14	5	2	4	1	3	3	1	1	7	7	5	2	2	2	1	4	4	3	4	2	5	1	5	1	2	0	1	1	0	0	0	4	6	3	4	3	7	3	0	2	3	5	2	1	5	3	3	4	5	2	2	3	7	1	1	0	1	2	5	2	3	4	2	1	1	2	6	3	3	4	2	0	4	5	2	5	5	4	5	2	3	2	4	5	2	1	1	0	4	1	3	1	0	2	0	3	4	4	1	0	1	0	0	0	2	1	1	4	1	1	2	1	0	0	0	1	3	0	1	0	0	1	1	1	1	1	4	2	4	3	7	4	4	4	0	1	3	0	2	4	4	1	2	0	3	1	5	4	5	2	2	1	0	0	1	1	0	1	2	1	5	0	3	3	4	3	0	1	1	2	6	2	3	3	4	4	2	1	5	2	2	2	3	1	3	2	3	1	2	3	5	3	2	2	4	1	3	1	0	2	2	0	2	4	1	2	2	4	2	3	3	5	2	0	1	3	3	0	3	2	1	1	1	0	3	2	1	1	1	4	2	1	5	0	2	7	1	1	0	4	2	3	1	3	1	3	3	2	3	3	5	2	3	1	2	5
chr14	2	2	1	2	3	3	3	1	4	1	5	1	3	0	3	3	3	4	1	3	3	3	3	3	1	2	4	2	3	1	4	3	1	2	0	4	2	0	0	1	4	1	1	4	0	0	0	1	0	5	0	1	2	3	0	2	1	4	4	4	1	2	6	3	2	5	5	3	1	1	0	2	2	1	5	0	2	3	1	3	5	0	1	4	3	1	1	1	2	2	2	1	3	0	1	3	3	0	0	2	2	1	1	3	0	2	2	3	0	3	0	4	0	7	0	3	1	1	0	3	6	2	5	3	2	4	5	4	2	1	4	3	4	2	2	3	0	1	0	0	1	2	5	4	4	0	3	1	1	0	2	2	1	2	0	2	3	3	3	3	0	3	0	1	2	1	3	4	0	2	2	4	5	3	8	4	4	2	0	2	1	1	5	3	2	1	3	4	3	4	4	2	1	2	1	1	3	6	4	5	1	0	0	0	0	2	4	2	3	0	3	1	3	2	1	1	1	1	1	2	1	1	7	6	6	6	1	5	2	3	1	4	0	5	3	9	3	4	2	4	1	4	1	2	4	2	0	7	9	3	5	2	2	3	4	0
chr14	6	3	6	2	6	0	3	5	7	2	3	5	2	0	4	1	9	2	2	2	3	0	3	0	0	5	1	2	2	2	3	0	6	3	4	3	2	3	0	2	3	2	3	0	2	1	5	5	3	3	2	7	2	2	0	0	3	2	1	3	2	1	3	4	4	6	4	1	4	2	3	1	3	0	1	2	3	1	0	3	3	0	2	3	1	1	0	1	2	0	1	2	1	0	1	2	2	0	3	1	2	1	5	3	2	1	2	2	2	2	3	3	1	0	2	2	1	1	2	0	1	1	3	3	2	1	1	2	4	5	6	0	3	4	1	0	4	4	1	2	2	1	1	3	2	2	2	1	4	1	1	1	4	3	2	5	2	1	2	4	5	2	3	2	2	2	5	2	3	5	1	0	1	3	1	0	1	1	2	3	3	1	1	1	2	4	5	2	3	3	3	7	3	0	1	4	2	0	1	1	2	1	3	3	8	2	4	3	1	6	0	1	0	1	1	2	0	3	3	1	0	1	2	0	2	3	1	1	1	1	4	2	4	3	3	3	2	0	4	8	3	0	3	5	2	0	4	2	1	1	4	6	4	3	5	7
chr14	12	4	8	4	6	3	6	1	6	1	5	4	4	6	0	1	9	2	5	1	4	1	0	2	4	0	2	5	2	1	2	0	7	0	2	3	3	0	3	1	4	2	4	1	3	1	2	5	5	3	1	8	4	5	2	4	2	0	0	2	5	5	1	1	3	6	3	6	4	1	0	0	3	3	3	3	4	4	1	3	3	1	2	4	2	0	1	0	1	0	0	2	0	1	0	2	1	4	1	2	2	0	0	1	1	1	1	1	2	0	1	4	0	1	1	3	1	1	1	1	3	1	3	1	3	0	2	4	6	3	2	0	6	1	2	2	1	0	3	3	2	2	2	4	2	0	3	3	1	0	0	0	2	2	0	0	2	1	2	2	2	3	3	2	3	1	0	3	4	0	2	3	2	1	0	3	4	1	1	1	2	0	0	2	0	2	2	0	5	3	3	5	7	3	3	1	1	2	3	2	2	3	0	1	7	3	2	4	4	2	2	4	3	2	2	1	1	1	2	0	1	1	4	5	1	4	1	3	0	0	1	2	1	4	2	1	0	2	1	4	5	3	3	4	5	2	1	4	4	0	3	4	2	4	5	6
chr14	6	5	6	2	4	1	3	3	3	2	2	2	2	0	2	3	1	2	5	4	1	1	1	4	2	0	1	1	1	2	4	2	3	2	2	3	0	5	0	2	1	3	1	2	1	3	2	2	2	4	1	1	0	1	3	1	1	1	1	1	5	2	4	2	4	0	1	0	2	3	0	2	4	1	2	4	1	3	2	3	2	3	2	2	3	1	0	3	2	0	1	0	3	3	5	2	5	1	1	2	0	0	1	0	0	3	1	2	0	0	0	3	1	1	2	2	2	3	2	2	6	11	2	7	1	3	3	2	5	2	2	2	2	2	1	1	3	1	2	2	2	2	0	4	1	0	1	3	4	0	1	3	4	0	1	1	1	3	15	2	2	2	0	0	4	1	4	2	2	1	2	2	2	1	3	4	2	2	1	1	0	4	0	1	0	1	3	1	2	5	18	1	4	4	0	3	4	1	0	3	0	3	1	0	3	0	0	3	1	2	3	1	1	5	1	3	1	1	3	1	1	1	2	3	1	1	5	3	1	2	1	17	1	4	3	4	3	1	0	17	6	1	0	2	5	2	0	3	3	8	6	12	1	0	4	1
chr15	2	0	3	2	0	1	1	0	1	1	3	5	6	5	0	3	3	3	2	4	1	0	0	3	0	4	0	1	1	0	1	1	3	1	1	0	1	0	0	2	1	3	2	2	4	1	7	2	4	3	2	4	1	4	1	4	0	1	4	2	4	3	5	7	1	1	1	2	2	1	2	1	3	0	1	5	4	3	0	6	0	2	2	2	3	0	0	1	2	0	0	0	0	4	3	2	1	0	1	2	3	0	1	2	1	0	0	0	2	1	2	3	2	2	0	3	1	2	1	5	2	3	0	7	2	5	4	4	1	0	1	6	3	0	1	0	1	0	2	2	0	0	4	2	1	1	3	4	1	1	2	0	1	2	1	0	2	2	2	2	2	0	3	0	2	3	2	1	1	1	5	3	3	0	2	4	5	2	2	2	2	1	0	4	6	2	5	2	4	5	2	5	3	1	5	4	7	2	1	2	0	2	2	2	3	2	3	8	1	0	2	3	1	3	0	5	1	0	0	7	4	3	6	10	2	3	0	4	3	1	1	4	2	4	3	4	2	5	4	6	2	5	2	7	2	2	6	10	1	3	4	6	6	7	3	9
chr15	3	3	1	3	2	2	4	2	1	2	2	3	1	4	2	3	0	2	2	1	0	1	4	3	5	0	3	3	2	2	1	3	4	0	0	0	5	1	2	4	1	4	1	1	1	3	1	5	2	0	1	1	2	2	0	7	4	2	0	1	2	4	1	3	4	2	1	1	0	1	3	4	2	3	1	6	0	0	3	2	3	1	3	1	2	1	0	3	3	0	1	1	1	4	0	3	3	3	4	0	0	0	1	1	4	2	3	1	2	0	2	3	0	4	1	3	4	3	3	4	0	3	2	5	3	6	6	5	1	3	4	3	3	1	3	0	0	3	3	0	2	2	2	1	2	3	3	2	1	1	0	0	1	0	2	1	2	3	1	7	1	2	1	4	1	0	0	7	1	1	3	3	1	4	3	2	4	0	3	2	1	3	3	4	2	1	3	5	1	4	2	4	2	2	2	3	0	4	1	2	1	4	1	1	1	5	0	4	3	2	4	1	5	3	1	2	1	2	4	2	4	5	8	6	3	2	1	3	4	1	1	1	2	1	1	5	5	4	5	1	3	3	2	4	3	3	3	8	3	1	4	4	6	3	3	6
chr15	2	4	1	1	8	1	2	5	3	3	3	3	0	1	1	3	2	1	5	1	2	2	5	0	1	1	1	4	2	1	4	3	7	0	9	5	3	1	2	4	1	5	0	3	1	2	4	0	1	0	1	1	4	1	0	3	4	1	2	1	2	4	5	3	2	6	4	2	1	2	1	2	6	3	2	2	1	2	3	3	5	4	1	3	3	0	0	0	1	3	3	3	0	0	1	3	1	0	0	4	3	2	0	3	1	1	0	6	3	2	2	1	2	3	3	2	0	1	0	2	4	2	5	1	0	3	3	6	3	2	5	2	0	2	2	2	6	1	4	1	2	4	3	5	3	0	5	2	3	0	5	3	1	2	3	0	6	2	4	0	0	1	1	0	1	2	4	4	0	1	2	1	5	4	2	4	3	1	5	0	1	2	5	4	3	4	1	0	2	0	1	3	1	4	2	0	0	4	2	1	6	3	0	1	0	1	1	3	4	1	2	3	5	1	0	1	2	2	1	1	2	0	4	6	4	5	2	5	3	6	0	1	0	4	2	5	0	4	0	1	1	3	1	2	5	3	1	2	5	3	3	3	3	4	5	3
chr15	7	3	3	3	3	0	3	3	4	2	2	3	2	0	3	6	2	6	1	1	0	0	3	0	2	4	0	2	1	3	2	4	4	1	3	4	2	0	2	0	0	5	1	2	2	0	1	2	1	3	2	3	2	5	1	3	0	2	1	4	6	2	2	7	4	2	2	3	1	2	3	4	2	1	0	0	3	3	2	4	4	0	1	3	1	4	1	5	1	0	4	3	3	0	3	3	1	0	3	3	2	1	1	2	0	1	1	4	1	1	0	4	1	2	3	1	2	4	0	2	3	4	4	2	1	3	2	5	3	1	4	1	0	1	0	0	5	1	1	2	2	4	1	4	4	3	0	4	2	1	1	1	2	1	2	0	0	4	4	0	1	0	2	1	4	0	1	2	3	1	0	3	2	3	3	4	2	4	0	3	1	3	1	0	1	2	2	2	3	2	3	5	2	3	2	3	6	0	2	3	1	0	5	1	2	4	1	3	1	1	1	4	5	6	3	3	2	1	0	1	3	1	4	4	3	0	1	3	3	4	1	4	1	0	5	3	4	1	3	3	6	2	2	3	2	5	2	7	3	4	2	3	3	9	5	12
chr15	0	1	3	2	4	1	1	2	5	3	1	4	4	2	2	2	1	2	3	5	3	2	1	5	2	1	0	4	1	0	1	2	3	3	1	2	2	1	3	4	2	3	3	0	4	3	2	3	2	2	5	2	3	2	1	2	4	2	2	1	4	4	3	6	2	2	3	2	2	3	2	0	2	1	6	4	1	3	4	5	4	2	4	2	2	0	1	2	0	0	0	2	3	1	2	6	0	1	1	5	1	2	0	0	0	0	2	1	3	2	2	3	2	3	1	2	0	1	1	1	1	0	2	1	4	3	4	7	3	1	3	3	2	1	2	2	1	2	1	0	3	1	1	4	2	0	0	3	2	1	0	3	2	2	1	3	1	1	0	4	4	0	0	0	1	2	3	0	0	2	1	4	5	1	2	2	4	3	2	4	5	1	2	1	3	0	1	2	3	5	2	1	1	4	4	3	3	6	2	0	2	4	0	4	3	2	2	6	2	3	6	3	5	2	0	2	3	0	2	1	3	1	1	6	3	3	2	2	1	1	2	2	2	1	1	5	1	3	0	3	3	3	2	5	6	5	2	7	2	4	4	3	2	8	4	15
chr16	0	2	5	2	6	3	0	6	10	9	6	6	2	4	1	4	9	2	0	3	2	2	1	1	3	0	1	2	4	2	2	4	6	1	3	3	3	2	1	3	0	3	1	3	1	0	0	6	2	2	0	0	8	2	1	3	1	2	1	0	3	7	8	2	2	6	16	5	2	1	1	2	1	0	0	0	1	7	0	7	7	2	0	6	3	0	0	0	1	0	0	2	3	0	0	0	4	1	0	1	0	0	0	0	0	0	0	3	0	2	3	2	5	7	0	4	2	0	0	2	1	2	3	1	1	2	2	3	6	3	4	3	3	0	1	0	1	0	1	1	0	1	1	5	3	0	0	1	4	0	0	0	0	0	0	1	6	1	3	1	1	0	0	0	1	1	0	3	0	0	1	3	6	3	3	7	3	1	0	3	2	5	1	2	2	0	4	2	3	5	7	1	1	4	6	1	3	2	4	4	1	0	0	0	0	2	2	4	10	2	1	5	6	1	2	2	2	0	2	2	3	1	2	3	5	2	0	3	0	1	0	5	1	2	2	10	0	5	2	1	2	3	1	1	7	4	4	2	6	2	7	5	0	3	3	2
chr16	3	0	3	1	0	1	1	2	2	1	3	3	1	1	2	2	0	1	0	0	0	2	2	1	1	1	0	2	2	4	0	2	2	1	3	1	3	1	2	1	2	2	3	4	2	3	4	0	1	2	1	4	2	3	1	1	3	3	4	0	1	2	4	3	3	0	1	0	0	1	1	3	0	1	2	1	4	1	2	4	1	2	1	2	2	0	2	2	1	4	2	3	2	5	1	3	2	1	2	2	1	1	3	5	2	2	0	3	6	3	1	3	0	1	4	1	4	2	3	2	0	5	4	3	0	6	11	2	0	3	4	3	1	2	0	1	2	2	2	4	2	3	2	2	1	2	1	4	4	0	1	4	3	3	3	3	2	2	6	7	4	2	2	4	2	3	2	3	3	3	3	2	2	3	3	3	3	2	5	2	1	6	2	2	1	5	4	2	1	2	3	3	1	1	1	2	0	1	2	2	2	3	4	1	1	2	4	2	2	0	2	5	0	4	5	4	2	2	2	5	0	0	5	7	2	0	3	2	2	4	5	8	5	3	5	2	2	2	4	4	1	0	0	2	2	2	5	7	3	6	3	7	1	6	1	2
chr16	4	6	5	3	5	1	1	5	5	4	3	2	1	1	4	0	1	2	5	6	1	2	1	0	1	4	4	2	2	5	1	3	6	4	5	5	2	0	4	4	2	3	4	2	0	0	3	3	1	2	4	3	1	1	3	3	2	3	2	1	2	2	0	3	2	0	2	1	2	3	3	2	6	1	3	2	4	3	1	4	1	3	0	2	3	0	1	0	2	0	2	1	1	2	0	2	5	2	0	1	2	1	4	1	2	5	3	2	2	3	0	1	2	1	1	1	4	4	1	2	1	1	4	3	3	2	1	5	10	4	4	1	5	0	4	0	5	1	2	1	3	3	1	1	0	4	6	0	2	1	0	2	4	2	5	3	1	2	2	3	6	1	3	1	5	2	5	1	4	5	5	1	4	3	0	2	1	1	5	1	3	0	0	3	2	0	1	1	2	1	3	3	2	2	3	1	2	0	3	4	4	4	3	1	1	1	2	2	3	1	1	4	0	1	3	3	1	2	1	0	1	2	6	3	2	2	1	1	1	2	1	2	3	0	3	4	2	0	1	3	4	5	2	1	1	2	0	5	1	2	3	1	5	3	3	8
chr16	5	2	6	4	1	4	2	0	10	2	2	4	4	4	2	0	1	0	0	3	4	2	3	1	3	3	0	3	1	1	2	0	10	2	4	3	2	3	0	1	0	3	2	2	3	3	2	2	2	2	2	3	5	2	2	0	1	3	2	0	2	5	2	2	3	0	3	1	0	3	3	1	4	0	2	2	1	4	3	5	0	2	2	2	0	4	3	4	5	7	2	1	1	4	4	4	3	5	3	1	4	6	4	3	1	3	3	2	2	0	5	1	2	1	1	1	2	3	1	0	2	4	2	1	0	3	1	3	6	5	7	2	3	1	2	2	3	3	2	1	2	1	0	3	3	2	4	1	1	3	4	6	0	6	4	4	1	0	3	2	2	0	1	1	2	4	3	1	1	1	0	6	3	4	5	1	2	2	4	1	2	3	4	0	3	3	5	2	0	1	1	2	3	0	2	3	0	2	2	1	2	1	1	3	2	0	1	3	2	3	2	7	1	2	5	2	4	1	3	0	2	1	0	1	5	1	1	1	2	1	7	2	2	3	3	3	1	2	1	0	2	0	0	1	5	2	1	4	2	2	2	1	1	3	3	5
chr2	25	3	3	7	2	4	1	1	1	0	3	3	8	1	4	5	2	1	3	5	4	1	1	3	0	1	2	1	2	1	4	2	2	1	5	4	1	2	0	3	4	2	1	0	3	1	5	2	4	7	3	3	0	3	5	3	3	0	1	5	2	2	3	4	3	0	1	3	3	3	0	1	2	1	1	3	1	6	0	2	3	2	3	0	2	0	0	2	1	0	0	2	1	5	1	3	2	0	1	0	0	1	0	4	2	0	2	1	3	2	0	1	3	4	1	2	2	2	3	4	0	1	4	2	2	1	4	6	5	3	0	6	2	0	0	1	4	4	3	2	5	1	1	2	1	0	1	1	0	1	1	3	1	0	0	1	4	1	1	3	7	2	4	3	2	2	0	1	6	1	0	0	1	0	1	0	2	2	3	3	2	1	0	2	1	1	3	1	2	2	1	3	5	2	3	2	4	2	3	6	5	1	0	3	3	3	4	2	1	4	0	3	2	2	1	2	1	4	3	2	3	4	1	5	3	0	3	2	1	0	2	1	4	2	4	1	3	2	0	5	3	2	2	4	4	1	2	4	4	2	3	2	5	6	3	11
chr2	3	1	1	1	8	8	2	2	5	3	5	2	1	5	1	1	13	2	1	1	9	4	1	1	3	0	1	1	4	3	0	1	2	2	4	2	13	3	1	2	2	1	6	1	3	2	0	1	7	4	1	5	6	3	0	0	0	2	1	5	3	3	1	1	2	11	6	6	2	5	0	1	2	14	4	2	0	4	3	4	7	4	4	4	3	4	3	3	1	4	2	1	1	3	0	1	3	0	1	1	0	3	0	3	2	3	0	0	1	2	1	0	2	5	1	3	5	1	0	6	0	7	3	0	2	4	0	2	0	2	5	0	1	0	0	1	3	2	1	0	8	0	0	1	2	1	9	4	4	1	3	0	1	1	2	1	4	4	4	2	1	0	1	6	0	2	2	5	2	1	1	3	3	0	0	2	2	4	0	3	1	3	0	4	0	0	1	0	1	1	1	0	1	6	3	1	6	2	3	4	0	0	0	2	8	0	4	2	3	1	8	2	3	4	1	1	0	1	0	1	2	2	6	4	1	0	0	0	3	0	2	4	2	4	0	0	2	4	0	0	1	2	0	3	2	2	2	4	1	0	1	1	0	2	1	2
chr2	4	2	6	2	4	2	2	1	9	4	7	4	0	3	1	1	5	1	3	2	2	0	2	3	1	2	0	1	1	3	7	2	7	4	5	3	0	1	1	4	1	2	1	4	1	2	1	2	0	0	0	0	1	4	0	1	0	1	1	2	0	3	5	0	3	2	8	1	4	1	0	5	6	1	0	0	0	1	1	3	5	5	4	2	1	0	0	0	1	2	4	2	1	3	2	2	2	1	0	0	0	1	0	4	0	0	0	5	2	2	2	2	1	2	0	3	2	6	1	3	3	6	4	8	1	3	5	3	7	3	7	2	2	2	0	4	3	1	1	2	0	1	1	1	0	0	0	0	5	0	2	3	0	0	0	1	3	4	9	3	3	1	1	0	0	1	0	2	0	0	1	2	6	7	7	2	3	3	1	2	3	3	5	4	2	3	6	1	4	1	6	3	0	2	4	0	1	2	2	3	1	0	0	0	0	1	1	3	4	4	0	1	8	1	5	2	1	1	1	4	1	2	3	5	7	2	1	0	0	7	0	9	4	1	1	11	0	4	2	8	2	3	0	0	3	2	1	3	5	6	6	3	0	2	4	1
chr3	6	3	6	3	5	2	3	1	5	0	3	2	2	2	1	5	3	2	3	0	8	3	4	4	0	0	1	2	1	2	1	2	0	2	5	2	3	3	3	5	3	3	1	4	2	1	3	2	4	3	1	4	2	2	1	3	2	0	1	1	2	4	4	0	8	2	1	2	1	7	0	0	0	6	5	2	2	2	1	2	2	5	4	4	4	1	1	2	1	0	2	6	1	4	2	2	1	1	1	0	1	0	0	0	1	3	0	3	2	3	2	3	3	1	2	2	2	2	1	3	1	2	2	2	3	4	4	7	0	2	0	2	2	3	0	1	2	7	2	2	3	0	1	0	6	1	0	0	1	3	2	1	0	0	3	2	5	0	2	5	2	2	2	0	2	1	2	5	0	1	0	1	6	1	1	3	5	3	3	2	2	1	0	2	2	2	2	1	0	3	1	6	4	4	3	3	0	7	0	4	2	1	1	2	5	4	1	3	2	0	6	3	2	1	2	2	2	1	1	0	2	2	2	9	1	1	5	2	1	3	0	1	2	3	1	3	3	0	1	2	2	4	0	5	5	2	2	7	4	1	4	2	6	5	2	9
chr3	12	0	7	5	2	0	0	2	7	3	4	3	5	2	4	5	2	2	2	2	1	1	0	1	2	1	0	1	2	0	3	4	6	4	5	6	3	2	1	1	3	3	1	3	3	0	1	2	0	1	1	12	2	3	3	2	4	2	8	2	5	3	4	6	3	0	4	3	0	2	1	2	4	3	1	0	2	3	3	4	4	0	1	2	1	1	1	0	1	1	1	2	0	0	1	1	3	0	1	3	1	3	0	0	1	0	0	1	3	0	0	2	2	1	1	2	0	0	0	0	3	2	1	1	4	4	0	3	7	3	4	7	1	1	2	2	3	1	5	3	1	4	3	2	1	1	4	4	2	1	3	1	3	0	1	1	2	0	1	2	6	1	3	0	3	0	3	1	2	1	0	1	2	1	5	2	3	2	2	1	2	0	1	0	1	2	4	4	1	2	3	6	2	1	2	1	5	0	1	3	6	0	0	1	6	1	6	7	3	2	1	4	3	0	1	0	1	2	0	1	2	0	2	4	6	1	3	1	3	2	1	3	4	3	3	5	0	2	5	6	1	5	3	5	6	1	0	6	3	3	2	6	4	4	7	3
chr4	4	5	4	5	3	9	3	3	2	1	4	0	2	4	7	3	6	3	1	1	9	3	3	3	0	2	1	1	2	2	1	1	1	0	3	0	2	1	0	4	0	3	1	3	2	2	0	0	1	1	1	3	4	7	3	5	2	6	4	0	3	3	0	2	11	12	2	7	5	8	0	1	1	2	1	0	3	6	1	2	12	7	2	8	4	3	0	4	0	2	1	3	3	13	1	3	1	2	0	0	0	2	0	2	0	0	1	2	2	1	2	1	1	2	3	6	5	14	1	5	1	3	1	4	0	4	1	2	1	1	1	1	1	0	0	1	0	1	1	3	0	0	1	1	5	0	0	1	5	1	0	4	1	0	0	1	1	8	3	1	1	0	1	0	1	1	2	1	0	2	0	1	4	3	0	3	1	2	2	4	5	2	0	0	0	2	0	1	0	1	4	0	2	0	0	3	2	1	1	1	1	3	1	1	1	9	3	2	9	4	1	2	11	4	3	9	2	0	1	1	6	2	4	2	1	0	1	2	3	6	0	6	2	0	1	4	2	1	1	1	2	0	0	1	2	4	0	4	1	4	2	0	0	2	2	0
chr4	9	2	4	2	3	2	4	1	1	5	4	4	4	1	4	2	2	6	2	3	1	1	2	3	4	1	3	1	1	2	1	3	4	2	1	0	4	1	2	2	4	3	1	2	1	3	1	2	1	1	1	4	5	1	1	3	0	3	1	3	3	3	1	5	3	2	6	4	5	2	2	1	2	2	2	2	2	4	2	3	1	2	1	5	0	3	1	2	1	2	2	0	2	2	1	7	3	0	0	4	1	2	2	2	3	1	0	3	3	1	2	0	2	2	1	1	2	7	1	0	1	2	1	4	4	5	2	7	3	2	4	3	2	2	0	0	2	1	1	0	1	2	0	3	4	2	3	1	4	1	1	1	1	3	2	3	1	2	2	4	4	1	2	1	2	1	2	2	0	1	0	1	2	2	2	0	2	3	4	1	1	2	1	4	1	2	1	2	1	2	3	4	2	4	0	2	3	1	3	5	2	1	3	1	0	3	1	4	8	1	2	2	4	1	1	6	1	1	0	2	2	4	4	4	1	1	1	1	3	3	3	3	1	2	1	0	4	2	1	8	3	6	1	2	5	2	1	7	2	4	1	6	4	5	7	8
chr4	14	5	8	5	7	2	5	1	10	3	2	1	5	0	4	1	3	3	6	2	3	1	0	1	0	6	2	2	1	2	3	3	6	2	13	2	11	1	4	1	2	5	3	0	3	0	5	1	5	3	3	5	0	0	0	0	2	1	3	1	0	3	3	2	4	6	4	1	5	1	2	3	5	5	4	2	1	0	1	3	1	3	2	1	0	1	0	2	0	0	0	0	0	2	0	1	3	1	1	1	4	1	4	2	2	5	1	2	1	1	2	2	3	1	1	2	2	0	3	2	1	2	1	0	1	2	1	4	9	2	3	1	2	1	1	2	7	5	4	4	3	0	1	2	8	5	8	2	3	0	0	0	5	5	5	0	5	2	0	2	3	0	4	1	5	1	6	2	2	1	0	2	1	1	3	0	1	1	3	0	1	0	1	1	5	3	1	1	2	0	2	3	5	2	1	3	1	1	2	3	1	4	0	2	7	0	1	2	3	0	0	0	1	1	0	0	1	0	3	4	1	1	1	2	3	3	2	2	3	0	1	4	2	3	1	1	0	1	0	4	2	2	0	3	0	2	4	2	2	2	2	3	4	3	3	6
chr4	2	1	3	3	2	4	0	3	7	0	3	3	2	4	1	2	0	0	1	4	6	1	1	0	0	0	0	0	1	2	0	0	5	2	11	4	1	0	0	0	1	5	0	12	1	0	0	5	2	1	1	1	3	0	0	4	1	1	5	1	3	2	4	3	2	2	4	1	1	1	0	0	7	0	3	2	1	1	2	4	4	2	7	3	5	2	5	0	1	0	2	7	0	0	0	0	1	0	0	1	0	0	1	1	1	1	0	9	0	0	8	2	4	0	3	0	1	3	3	0	0	3	1	0	0	4	0	1	2	4	3	4	1	1	0	0	1	0	11	0	1	2	2	1	1	0	1	0	1	6	2	0	0	1	5	0	2	2	4	5	2	0	1	1	1	1	5	5	0	0	0	1	7	3	27	7	2	0	5	2	1	1	2	1	2	6	24	3	2	7	3	3	3	2	3	1	1	2	0	0	7	1	1	1	1	0	3	5	4	0	3	1	4	3	2	0	1	1	3	3	4	3	0	0	5	0	0	0	0	8	0	7	2	6	1	22	1	2	0	1	1	2	1	6	3	5	3	2	2	5	1	0	5	1	1	1
chr4	5	4	5	4	2	6	1	5	5	7	0	3	2	2	5	3	2	1	2	1	6	1	1	7	1	0	1	0	4	0	4	2	6	0	3	2	4	3	1	2	3	2	0	2	4	4	0	2	6	3	3	14	4	2	2	5	6	2	2	1	4	2	4	5	4	4	6	3	1	2	1	0	2	1	0	3	5	5	1	5	7	1	1	6	4	1	0	1	0	0	0	1	3	2	2	6	0	1	1	1	0	0	0	1	1	1	0	0	1	0	1	1	3	0	2	7	3	0	0	2	1	3	2	3	2	5	4	3	2	3	1	4	2	1	0	3	1	0	6	2	3	2	3	2	3	2	1	1	2	2	0	4	0	1	0	1	2	1	1	1	1	1	2	3	2	2	0	0	0	0	1	1	1	0	2	1	2	2	1	3	2	2	1	1	2	1	1	0	3	2	1	1	7	3	3	1	1	5	0	2	3	2	1	2	16	4	2	5	5	0	2	8	3	2	0	1	2	0	1	1	3	2	2	5	3	4	3	4	1	3	1	2	3	1	1	1	2	2	1	3	4	3	2	3	6	2	1	4	5	1	1	4	3	4	2	2
chr4	4	1	5	2	3	2	2	1	7	4	6	3	2	3	2	1	5	1	1	2	4	0	2	3	1	2	0	1	2	2	7	2	4	3	4	2	0	0	1	4	1	2	1	4	0	3	1	2	2	1	1	1	0	4	0	1	0	1	0	3	0	4	5	1	2	2	8	2	4	2	0	5	3	1	0	0	1	0	1	4	7	5	3	2	1	0	1	0	1	2	3	3	1	2	3	2	2	1	0	0	0	1	0	4	0	0	0	4	2	3	2	2	1	2	1	3	1	6	1	2	4	6	4	8	1	4	5	3	6	3	5	2	2	2	0	3	2	0	1	2	0	1	0	1	0	0	0	0	5	0	1	2	0	0	0	1	3	4	9	4	3	0	1	0	0	1	0	2	0	0	1	2	5	7	7	2	1	2	1	3	4	5	5	4	2	3	6	1	4	1	6	3	0	2	2	2	0	3	2	4	1	0	1	1	2	1	1	4	2	5	0	2	7	2	5	3	1	1	1	4	1	2	3	5	7	3	1	0	0	6	0	10	3	1	1	11	0	5	2	8	2	4	0	0	4	2	1	4	5	6	6	3	1	2	4	1
chr4	12	5	4	10	4	5	1	2	1	5	3	0	9	8	5	2	8	2	2	1	7	1	1	3	3	0	1	3	2	0	5	3	3	2	1	0	3	6	1	0	4	1	1	3	1	0	2	0	7	7	3	2	7	5	1	6	4	4	1	2	2	3	2	2	10	3	2	6	3	2	3	4	3	1	2	3	4	4	3	3	7	6	3	6	6	3	0	1	0	1	1	1	1	2	2	2	1	3	0	0	2	0	0	0	1	0	1	0	0	1	3	1	1	1	2	4	2	1	0	2	7	1	5	3	0	4	1	2	6	2	2	4	3	3	3	1	0	2	3	0	1	4	1	2	2	2	3	1	3	2	1	2	1	1	0	0	0	0	3	1	4	1	2	2	0	0	0	2	2	1	1	0	0	1	3	3	1	0	0	1	4	0	0	2	5	2	0	1	1	1	1	2	3	2	1	4	3	2	0	3	2	2	1	0	5	3	2	2	4	2	1	6	6	4	1	1	0	0	0	1	5	3	6	1	6	4	2	6	3	2	1	2	2	0	1	4	1	4	0	1	1	0	0	5	0	6	0	5	2	1	1	0	3	3	0	2
chr4	3	5	3	6	7	3	2	6	2	2	1	2	8	5	3	3	5	1	1	4	5	3	2	4	1	1	2	2	2	0	3	6	4	2	2	3	4	1	1	2	2	0	0	1	2	4	0	1	2	5	2	2	4	3	4	2	2	1	2	2	1	2	6	3	7	6	0	6	1	4	0	3	2	2	0	2	2	3	1	9	4	2	2	4	3	1	0	2	0	0	2	3	3	3	3	3	0	2	0	2	0	0	0	2	1	1	1	3	1	4	1	2	2	2	1	0	3	2	0	1	4	4	1	4	3	9	3	3	3	4	2	2	2	2	2	1	4	3	0	1	1	3	2	0	6	1	2	1	3	1	0	1	1	0	2	0	0	0	1	4	2	1	3	1	2	2	0	0	1	1	0	2	3	1	5	0	6	2	1	0	7	3	0	2	1	2	3	1	4	0	0	2	4	3	2	5	1	5	2	1	3	1	2	2	0	2	1	0	4	4	1	6	1	1	3	5	2	1	0	3	0	3	6	5	5	2	3	0	4	2	2	1	3	2	3	3	3	3	1	3	4	0	4	1	1	2	2	9	2	2	5	3	1	3	3	3
chr4	2	3	1	0	3	17	6	7	2	7	0	0	2	0	0	0	4	7	1	3	25	1	5	3	0	0	6	0	16	1	24	9	2	2	1	0	1	1	0	6	0	1	0	0	1	2	0	0	0	4	0	1	3	2	0	2	0	1	0	1	0	0	3	0	2	23	1	0	4	12	0	18	3	1	0	0	0	3	2	2	19	18	2	4	4	0	0	0	1	1	1	2	0	4	0	1	1	0	0	0	0	0	0	1	0	0	0	7	0	2	0	0	3	14	0	5	1	8	0	3	16	2	0	6	5	4	0	5	3	4	5	2	0	0	0	8	0	0	1	1	2	0	0	0	1	1	0	0	2	0	0	0	0	0	0	0	2	7	0	1	0	0	0	0	0	0	0	1	0	0	0	0	6	1	0	0	2	6	2	0	4	4	0	1	0	0	0	0	0	0	0	0	0	3	2	0	8	4	0	17	0	0	0	2	1	4	0	1	2	8	1	0	12	3	0	2	0	0	0	0	4	0	0	3	11	6	1	2	1	1	0	2	0	0	0	0	3	4	0	0	0	5	0	0	3	3	0	1	4	1	0	0	0	3	2	0
chr4	7	2	4	9	4	3	1	2	4	4	7	1	4	3	2	4	3	2	5	4	2	1	1	1	4	0	3	3	1	0	1	4	7	6	6	2	3	2	5	2	5	4	4	1	1	1	3	2	1	3	3	5	3	0	2	3	4	1	1	2	4	2	4	3	5	2	3	1	1	0	2	1	7	3	1	2	2	4	1	3	3	1	2	2	2	2	1	1	0	0	0	2	2	0	0	0	3	4	4	0	0	1	1	0	0	2	5	3	2	2	2	2	2	0	2	2	2	0	0	0	1	1	2	0	2	2	3	1	7	3	5	2	7	0	6	2	6	2	6	3	2	0	3	2	1	0	4	2	4	3	0	0	3	2	6	2	0	1	1	2	6	4	2	2	2	4	6	2	4	5	4	3	4	1	2	2	5	1	2	1	1	0	1	4	1	0	5	1	0	0	4	3	3	3	4	1	2	2	1	1	4	3	0	1	4	1	2	4	4	1	2	2	0	0	0	0	4	0	1	1	3	1	2	2	1	1	6	3	2	0	1	0	5	3	3	2	2	2	0	1	3	2	1	3	3	0	3	1	5	1	5	2	3	3	2	2
chr4	0	3	1	1	3	5	2	3	10	3	2	2	5	0	2	3	6	2	6	3	10	0	1	1	3	1	2	3	4	1	2	2	3	3	4	6	4	2	1	0	8	3	2	0	1	1	1	3	4	9	4	6	5	9	1	2	4	0	5	0	8	1	3	0	4	6	7	3	4	0	2	1	3	3	5	2	7	8	0	4	7	3	3	7	2	1	1	2	1	1	1	0	4	2	2	0	2	1	3	0	1	1	1	0	0	2	1	2	0	1	0	4	1	2	0	5	1	0	3	1	1	1	2	1	1	0	1	2	0	2	7	2	6	2	3	2	3	0	4	1	5	2	3	0	5	2	3	2	4	0	1	1	1	0	2	0	0	0	1	0	3	6	0	2	6	2	2	0	1	2	0	1	0	1	5	1	1	0	0	2	3	2	0	0	2	1	2	1	1	3	1	4	1	2	2	4	4	5	2	3	0	1	2	1	6	7	4	5	2	0	1	7	4	5	0	4	1	1	0	2	0	2	0	2	3	3	1	2	1	1	0	1	2	3	1	4	2	2	0	1	3	3	0	8	1	2	0	1	2	1	1	3	4	0	2	8
chr4	1	2	3	2	3	1	1	2	7	3	1	2	1	1	2	4	3	4	3	3	9	2	1	0	1	0	2	1	1	6	2	6	7	3	3	4	1	3	1	2	1	1	2	0	3	3	0	2	1	3	1	1	2	3	1	2	2	1	1	1	3	3	4	5	4	2	3	4	4	4	2	4	3	3	1	2	0	3	1	5	4	5	3	5	3	0	2	3	2	2	1	1	2	6	2	3	0	3	2	2	0	1	0	1	2	2	2	0	0	1	1	1	1	6	1	1	2	6	2	7	2	3	3	2	4	8	1	5	1	3	7	1	2	1	1	5	6	0	1	2	2	1	2	3	3	1	0	1	2	1	0	5	1	0	2	0	1	0	2	5	3	0	1	1	2	1	2	4	1	3	3	0	0	1	2	1	1	3	0	2	2	3	0	3	1	0	2	1	2	0	2	1	2	0	0	1	4	6	0	4	1	1	1	2	3	3	0	3	3	4	3	1	3	5	3	5	3	0	1	1	5	4	4	4	2	3	3	1	2	3	0	1	1	3	0	4	3	3	1	1	0	2	3	5	5	4	2	5	4	2	2	4	1	5	5	16
chr4	2	1	6	2	1	2	5	1	3	3	8	2	2	3	1	3	1	1	1	1	1	3	2	2	2	3	3	2	0	1	2	2	6	2	4	1	3	0	0	3	1	2	4	5	5	0	5	2	3	1	2	2	1	2	2	2	0	1	1	4	3	2	4	2	3	2	0	2	2	1	2	2	2	1	0	4	0	1	1	4	1	2	0	1	3	1	1	4	1	2	0	4	2	1	2	2	3	0	0	1	2	2	0	3	1	2	2	2	1	3	3	3	2	0	1	0	2	1	2	0	4	2	3	3	1	1	2	7	4	1	7	3	0	3	1	2	4	2	2	4	2	1	2	3	4	2	5	2	0	2	2	0	0	0	2	0	1	2	4	5	3	2	2	4	3	2	0	4	4	4	1	2	2	1	4	4	3	1	4	3	2	1	2	1	6	1	5	8	5	1	4	5	2	5	4	2	1	1	2	0	4	0	2	2	4	2	2	1	1	2	1	2	0	3	2	1	1	2	2	4	0	1	4	2	3	2	6	2	5	0	2	2	5	1	4	2	3	2	8	6	5	2	1	4	1	2	3	4	3	5	3	4	3	6	5	5
chr4	1	3	3	3	0	0	3	5	3	2	1	2	2	1	1	3	3	0	0	0	4	5	2	0	0	3	4	1	2	2	3	3	3	0	2	0	3	2	0	3	2	1	0	0	2	2	3	1	2	3	1	4	3	1	2	6	1	2	0	0	1	2	4	3	4	3	2	1	0	3	3	3	0	2	1	1	2	6	1	4	4	2	0	5	2	3	3	3	2	4	0	2	1	1	3	2	0	1	3	1	2	1	3	3	2	4	1	3	0	2	0	4	2	2	0	2	1	2	2	3	5	11	0	3	1	7	6	7	4	1	1	1	1	2	1	1	1	3	1	4	2	5	0	1	2	4	2	2	2	2	2	4	2	1	3	1	1	4	5	7	3	2	2	1	1	4	1	1	0	1	0	1	1	2	3	2	1	1	1	0	4	1	1	3	0	1	5	3	2	3	6	2	1	1	2	2	2	6	1	1	1	1	0	1	4	0	1	2	1	3	2	6	3	1	1	0	1	1	3	2	2	1	8	8	1	2	2	6	4	3	3	10	4	1	1	4	0	3	3	6	1	4	1	1	4	1	2	7	5	7	5	6	3	2	7	6
chr4	7	3	7	6	6	1	2	4	5	1	4	4	6	4	3	4	4	1	2	7	2	2	0	2	1	0	2	2	2	1	2	2	5	1	2	2	2	0	0	2	2	4	1	1	2	2	4	2	7	3	4	4	6	2	4	4	2	0	3	7	4	6	1	3	4	4	2	4	1	2	1	1	1	2	3	2	5	9	2	2	2	2	2	5	2	0	0	2	1	0	1	0	4	3	0	2	1	1	0	1	0	0	0	1	2	0	1	1	2	2	1	0	4	3	0	1	3	3	0	1	2	2	1	3	3	5	2	3	5	2	3	2	2	1	1	1	0	1	1	2	1	2	5	4	1	1	2	1	2	2	0	0	0	0	0	0	1	1	1	3	2	1	1	5	1	2	0	1	3	0	0	3	1	0	4	2	5	0	2	3	4	3	0	1	4	2	3	2	1	2	2	1	7	4	2	5	5	2	1	1	4	0	0	2	6	1	2	4	7	1	2	5	5	0	2	5	1	1	1	3	1	2	5	6	4	2	1	4	2	2	0	2	2	0	4	2	5	4	2	2	2	3	1	5	2	4	2	8	3	2	1	1	2	3	2	5
chr4	8	5	4	1	5	3	1	5	3	8	6	2	0	1	3	2	5	3	6	6	3	2	1	4	1	0	2	1	3	1	2	3	7	5	5	1	5	1	4	5	7	1	2	3	4	1	5	0	2	4	2	3	2	1	0	3	0	2	3	4	1	3	4	1	5	2	5	2	5	1	1	0	8	3	2	3	2	5	1	3	3	1	3	4	3	0	1	0	0	1	1	2	3	2	0	1	1	0	1	1	1	1	0	0	2	0	2	1	1	2	2	1	3	2	2	3	1	1	1	3	1	1	6	1	1	0	3	2	5	6	5	3	7	3	1	2	5	2	4	4	2	0	3	0	3	2	6	0	3	0	1	0	1	0	2	3	2	2	2	1	8	6	5	2	4	0	0	1	5	2	2	1	2	0	3	1	1	2	1	5	1	3	0	1	5	0	4	7	1	1	2	2	0	1	5	0	3	3	1	2	2	2	1	1	7	0	2	4	3	1	1	1	2	1	1	2	1	1	0	0	2	1	5	1	3	2	4	1	1	2	2	1	7	2	4	1	2	2	6	4	0	1	1	2	2	1	1	2	4	3	1	3	1	2	2	1
chr4	4	8	4	6	11	3	5	0	6	3	2	2	8	4	1	4	10	2	7	0	11	6	1	3	2	1	2	3	1	2	0	2	6	5	3	3	9	5	0	2	3	1	0	2	5	2	0	3	2	5	9	2	7	0	0	3	1	2	3	2	1	1	3	2	10	7	4	7	0	8	1	1	2	9	2	2	9	1	3	2	7	2	4	8	6	2	0	1	1	0	0	0	0	1	1	4	1	4	0	1	0	0	0	1	1	1	0	0	1	0	1	1	2	2	0	0	2	0	0	4	1	1	2	1	1	5	5	1	6	2	5	2	5	3	1	3	2	1	1	1	0	3	4	1	6	3	2	2	4	1	0	2	0	0	0	0	2	0	1	2	5	1	2	3	2	1	0	1	0	0	0	0	0	1	2	2	1	2	5	0	4	0	0	2	1	0	2	0	4	0	2	2	2	2	0	2	3	7	1	1	7	3	0	5	1	2	0	0	5	3	2	6	0	0	0	0	3	0	0	0	1	3	3	4	3	2	0	1	2	1	0	1	7	2	0	3	2	3	0	2	1	3	1	1	3	0	3	2	3	1	5	4	0	2	3	0
chr4	0	1	0	1	4	3	1	5	2	3	2	1	0	3	2	1	3	1	5	1	6	2	4	2	1	1	1	2	3	3	6	2	2	0	1	1	6	1	3	3	3	3	1	1	2	0	1	2	0	2	1	1	3	4	0	1	2	1	5	0	0	1	2	1	0	8	6	3	3	8	0	2	0	8	3	4	0	3	0	1	4	6	5	0	1	2	1	4	1	7	4	3	2	2	6	0	2	0	0	0	5	3	1	3	2	4	2	2	2	1	2	2	2	4	2	0	5	4	0	3	0	17	7	5	1	2	0	1	2	3	2	1	1	1	1	1	0	0	2	0	3	1	0	1	6	2	4	3	2	2	8	1	0	4	4	2	1	5	16	1	2	3	1	2	2	4	4	3	2	2	0	2	5	0	7	1	0	5	1	5	1	1	1	1	2	4	2	3	4	1	4	1	0	1	0	1	2	2	3	6	2	2	1	0	1	1	6	1	4	4	1	0	6	2	2	3	0	0	1	0	2	2	1	1	2	1	0	2	2	5	2	14	1	4	3	8	2	3	1	5	0	2	0	3	1	4	0	1	1	1	2	3	0	2	1	0
chr4	6	5	4	3	5	1	2	4	4	3	3	1	4	1	3	3	7	2	3	2	4	1	1	4	2	1	1	3	4	2	2	0	3	1	1	2	4	2	2	1	4	1	4	1	1	3	1	3	1	2	3	5	1	3	1	3	1	1	4	2	4	3	4	1	4	4	4	4	2	4	0	0	0	3	3	4	2	4	1	4	4	2	3	3	4	1	0	4	0	0	3	0	4	3	4	5	1	1	1	1	2	1	2	1	2	2	1	1	1	0	2	3	1	4	3	4	3	2	2	3	3	3	2	2	1	5	1	5	5	3	3	1	4	0	2	1	1	3	2	1	1	0	2	0	3	1	2	4	2	2	1	3	1	3	2	2	1	1	2	0	7	2	2	0	1	3	3	1	4	2	1	2	2	0	4	0	2	3	0	2	0	1	1	4	2	2	2	3	2	2	1	4	3	0	0	3	3	5	3	3	2	0	2	2	4	3	2	5	2	1	2	2	2	5	1	5	1	2	0	1	3	4	2	6	1	3	3	0	3	2	1	1	1	3	3	2	3	3	2	3	2	5	0	3	3	7	0	5	1	1	1	4	3	6	1	5
chr4	7	6	2	7	6	3	0	0	0	3	3	4	7	3	7	3	1	1	5	3	3	2	0	1	2	1	0	0	2	0	2	5	3	1	1	4	5	3	0	0	3	1	0	3	3	2	2	1	8	2	4	5	4	3	0	2	2	4	1	6	5	0	0	5	1	1	1	8	1	1	0	1	3	1	3	2	7	2	1	2	2	1	2	2	3	4	1	3	2	3	0	3	2	2	2	4	2	2	3	0	0	2	0	4	0	1	0	1	0	0	2	2	5	2	3	1	1	1	1	3	1	1	2	1	2	8	1	8	5	0	3	1	1	1	2	1	3	1	0	0	4	1	1	2	4	1	2	2	1	2	2	3	0	0	2	1	2	3	0	5	2	1	0	2	1	2	1	1	0	0	0	1	2	0	2	2	2	3	1	3	1	1	1	1	2	4	1	2	2	2	2	4	9	2	4	4	2	1	1	7	3	3	1	2	1	3	4	3	4	0	0	5	0	3	5	3	3	2	0	0	4	1	1	5	2	1	0	2	3	1	2	5	2	3	1	1	4	2	3	5	4	4	1	3	3	6	3	5	0	2	3	5	3	7	7	10
chr4	4	3	1	1	4	0	6	2	2	1	3	2	2	3	3	2	4	0	4	3	4	2	0	0	3	3	2	3	1	2	0	5	2	1	2	3	2	3	5	1	6	0	2	3	2	2	4	1	3	4	4	5	1	4	2	4	2	3	2	1	3	1	1	1	2	3	2	4	4	0	2	2	1	3	5	4	2	1	1	1	3	5	3	1	3	1	4	0	2	1	1	3	1	3	0	1	2	2	1	6	2	3	0	1	1	2	1	2	3	1	5	3	1	2	1	0	1	3	2	5	2	1	1	2	1	3	9	2	1	5	3	2	3	3	3	0	1	3	1	3	5	3	4	3	1	3	5	0	2	3	1	3	3	1	3	4	0	1	0	5	4	3	2	3	1	2	2	0	2	0	1	2	6	0	2	0	3	1	4	4	3	0	2	3	1	6	4	6	0	1	4	1	2	1	2	3	1	3	0	4	4	4	2	0	7	4	0	0	3	0	1	1	3	2	2	2	3	1	0	2	2	4	6	4	3	3	3	3	4	1	4	4	3	3	1	1	1	5	6	2	1	1	1	2	0	2	0	4	7	3	1	5	1	1	2	0
chr4	3	3	1	4	6	3	1	4	4	2	1	2	2	2	7	0	5	1	2	4	4	2	1	2	2	1	0	1	4	1	4	1	2	3	2	4	2	3	1	3	5	0	0	3	1	4	6	1	3	2	2	2	3	4	0	6	4	9	2	2	3	3	0	0	4	4	3	1	3	2	1	2	4	2	3	4	0	4	5	3	1	3	5	6	6	2	2	0	3	2	1	2	1	1	2	1	2	0	5	3	2	4	0	0	2	0	0	1	3	4	0	0	3	2	1	2	0	1	4	4	2	3	2	4	1	4	5	3	1	2	3	3	2	3	2	1	3	2	2	5	5	6	4	1	3	3	3	1	4	3	2	2	1	1	2	1	1	3	2	1	2	3	1	4	1	1	1	0	0	0	0	0	1	2	2	1	5	1	1	0	5	2	2	4	7	1	3	2	0	1	2	0	3	5	2	3	1	1	0	3	0	3	2	1	2	1	1	2	3	1	3	1	1	3	3	1	4	1	0	3	2	4	3	10	4	2	4	5	5	3	3	4	3	3	0	2	2	3	5	1	2	0	2	2	0	1	2	5	2	2	1	3	2	0	1	2
chr4	0	2	3	0	5	1	2	3	4	2	3	2	0	3	3	0	3	2	1	5	4	2	1	0	5	2	4	3	3	1	3	2	0	4	4	6	3	0	2	2	3	2	2	4	3	2	1	3	0	2	3	7	5	5	3	3	5	0	4	2	3	0	1	2	3	5	4	5	3	1	3	3	4	2	2	4	4	5	1	2	6	2	4	4	4	0	2	0	2	1	2	1	0	0	2	3	2	3	2	3	1	2	0	1	1	3	3	2	2	1	1	2	2	3	1	1	1	0	1	1	2	2	1	3	0	3	0	6	0	4	4	0	0	2	7	3	5	2	4	1	3	3	5	3	2	3	3	1	3	1	2	2	1	1	0	0	1	1	1	2	1	3	5	2	3	4	0	2	3	1	2	3	0	5	2	5	1	1	1	2	3	4	1	1	2	1	3	1	1	4	4	4	2	0	0	1	3	3	2	0	1	1	2	2	5	5	2	1	6	4	4	2	5	3	1	3	2	0	3	2	3	1	2	2	5	2	1	3	2	2	0	0	4	3	2	3	0	1	3	3	0	2	1	3	7	3	2	3	2	1	4	1	2	7	3	4
chr5	2	1	3	4	1	4	2	1	2	2	2	7	2	1	4	1	4	2	1	3	1	2	9	2	2	2	2	3	1	0	1	1	3	1	3	4	0	2	3	0	2	1	0	3	3	5	5	2	1	3	4	2	4	0	2	2	3	0	4	2	3	2	2	1	3	3	2	2	1	3	0	0	3	1	1	1	3	4	1	2	2	0	2	3	3	5	0	0	1	4	4	3	0	2	1	4	1	7	1	4	0	4	2	3	2	4	1	1	4	3	1	3	1	4	0	1	2	0	1	8	0	0	2	2	0	3	4	4	4	0	6	1	8	2	4	0	3	0	3	3	5	1	4	2	1	1	1	2	3	0	3	3	3	2	1	2	3	2	0	0	2	2	2	3	5	2	2	1	2	2	1	3	1	0	5	4	4	2	3	1	1	2	4	4	2	2	6	4	2	2	5	3	1	4	2	1	0	5	3	2	3	2	0	4	0	2	0	3	3	1	2	2	0	1	0	2	7	0	1	3	2	7	2	6	5	4	3	1	0	1	1	1	3	3	6	3	2	3	3	3	2	1	2	1	1	1	4	3	8	2	3	3	1	2	5	4
chr5	1	4	4	3	6	9	4	6	3	2	1	4	2	1	7	2	9	2	0	5	10	2	4	2	2	0	4	1	1	0	0	7	1	3	0	0	6	3	2	1	1	2	1	0	1	2	5	2	2	2	0	2	5	0	1	3	3	2	5	5	0	3	1	3	4	10	3	5	1	4	2	0	1	6	3	3	1	6	5	4	6	0	5	6	1	0	0	1	1	0	1	2	0	1	0	6	2	3	1	1	0	0	0	0	2	2	0	3	1	0	0	5	1	1	0	0	0	0	0	4	0	0	1	1	5	6	6	6	4	3	1	0	5	3	1	2	0	1	0	1	2	0	3	1	3	2	5	4	3	0	0	3	1	0	0	2	0	1	0	2	2	1	1	1	7	1	1	1	1	0	0	2	5	2	4	2	6	0	2	1	2	0	2	1	2	1	8	0	6	1	4	2	3	8	2	4	4	2	0	0	0	3	0	2	1	2	0	0	4	4	2	1	3	0	0	1	3	0	2	1	1	2	2	8	3	4	0	4	1	2	0	1	1	6	2	8	2	1	2	4	8	3	3	0	4	4	3	5	6	1	3	3	3	6	2	1
chr5	0	3	0	0	2	0	3	1	2	2	3	1	2	1	2	0	2	2	1	1	1	2	1	2	3	1	4	0	0	1	4	0	0	1	1	5	2	1	2	0	4	2	0	3	1	0	4	2	2	2	2	4	0	7	1	1	1	2	7	3	0	1	2	1	1	1	4	2	4	1	1	0	2	0	1	3	0	6	3	2	1	0	0	4	2	1	0	2	0	2	6	2	0	2	3	5	1	1	0	3	1	0	4	4	2	2	6	3	1	4	1	3	0	2	0	0	2	1	2	4	1	5	6	6	1	4	3	3	1	1	4	2	0	1	2	3	1	1	3	2	3	1	6	2	3	2	4	2	1	2	5	1	2	5	0	4	0	1	6	0	5	4	3	4	3	7	2	0	7	5	6	2	5	4	7	3	1	1	5	4	4	2	1	6	2	2	7	4	1	4	2	4	1	1	0	1	0	4	2	1	2	2	2	1	5	1	2	0	2	2	1	4	1	0	4	5	0	1	3	3	2	5	5	6	2	0	2	0	5	1	3	3	3	3	8	11	4	5	3	3	0	2	1	0	3	0	3	7	0	3	5	2	1	4	3	2
chr5	3	3	0	5	7	3	4	2	2	2	5	1	7	0	4	4	10	1	4	2	10	2	2	4	1	1	1	5	2	0	1	7	5	3	5	3	6	1	2	2	3	2	1	5	1	0	1	2	4	8	1	4	5	1	1	1	2	1	3	1	4	3	1	2	5	7	5	6	4	2	1	2	3	7	2	2	4	4	0	1	8	6	0	3	2	1	0	2	2	0	1	0	1	2	4	3	2	1	0	3	0	0	0	2	0	1	0	1	2	2	3	3	0	3	2	0	0	2	1	1	2	0	4	2	2	4	2	3	2	3	5	1	1	7	0	3	6	2	1	1	2	4	2	2	3	1	7	1	0	1	1	1	1	0	0	2	2	1	0	1	3	2	3	4	3	1	1	0	5	0	1	1	2	3	5	3	1	3	1	2	0	2	2	1	1	1	6	1	2	3	3	2	1	3	0	3	5	6	3	3	4	0	3	0	4	0	1	3	2	1	3	3	5	1	0	3	2	1	0	3	0	1	3	0	1	5	2	0	3	1	0	0	4	2	5	6	2	0	0	2	2	3	3	2	5	4	2	1	3	2	4	0	2	2	3	0
chr5	0	5	3	3	2	3	0	3	9	1	3	0	5	0	7	2	4	1	4	3	3	2	4	4	1	0	0	0	1	3	2	2	4	3	3	6	0	3	2	3	2	3	3	1	1	1	1	1	3	4	3	3	2	2	0	1	4	1	3	3	4	2	4	4	4	2	3	5	2	5	1	1	3	4	2	1	1	4	2	2	3	4	4	2	1	1	1	1	3	1	1	1	1	6	3	2	0	0	1	4	0	0	1	3	0	2	1	0	2	1	1	0	1	0	0	1	2	6	3	11	4	2	3	1	5	3	5	4	1	1	6	5	4	3	0	2	1	2	3	2	4	0	1	8	3	3	0	2	4	0	0	4	0	1	2	1	0	9	2	3	4	3	2	1	6	4	1	3	3	3	2	0	1	0	2	0	0	1	2	1	0	0	0	2	2	1	2	1	1	1	1	2	6	0	1	1	4	2	0	2	3	2	1	1	3	1	1	2	4	1	2	2	5	1	1	3	1	2	0	2	0	4	3	10	5	3	2	2	2	1	0	5	5	6	2	2	0	0	2	4	4	3	2	2	5	2	2	3	2	4	7	1	1	6	4	4
chr6	5	2	1	2	7	5	4	1	4	2	1	0	6	2	0	1	7	3	5	2	3	4	1	3	1	1	2	4	1	1	1	3	2	0	1	5	8	2	1	3	1	1	1	2	1	2	3	1	9	4	4	4	2	2	0	1	2	2	0	1	5	0	2	3	3	9	0	3	8	2	1	3	2	7	3	3	3	2	2	3	3	5	3	1	4	2	5	4	3	2	7	1	3	2	2	3	0	2	0	2	3	1	1	1	1	3	1	6	1	3	1	1	0	3	2	3	2	2	0	2	3	2	1	2	0	4	3	4	1	2	2	0	1	1	0	1	1	1	0	2	6	1	2	1	3	5	6	4	3	6	3	0	0	1	2	1	2	1	2	3	1	0	1	1	0	4	0	1	1	1	0	1	3	1	8	0	2	0	0	3	1	4	1	2	1	8	2	7	1	1	0	1	1	4	4	4	1	3	3	1	1	4	1	2	5	0	1	5	2	1	1	3	2	3	4	3	0	2	0	0	2	2	3	2	2	1	2	2	7	5	2	3	0	0	1	3	0	2	6	1	2	1	2	1	2	4	1	4	1	5	1	0	0	6	2	13
chr7	4	8	1	2	10	5	1	1	0	4	0	1	11	1	4	3	9	4	5	0	4	0	2	4	2	1	2	0	3	1	4	1	1	3	1	0	5	1	3	2	4	2	3	3	5	1	2	1	7	3	1	1	2	0	0	3	2	3	0	2	2	2	1	5	5	3	3	5	2	5	1	4	3	5	6	3	0	2	2	2	2	2	4	0	1	1	0	1	0	0	3	0	1	1	3	1	3	1	1	1	1	1	1	3	3	3	2	2	0	0	1	1	5	1	1	2	2	0	0	3	0	3	7	0	0	3	0	3	1	3	1	2	3	0	2	3	2	1	5	1	1	1	1	2	3	5	5	5	2	2	1	1	2	5	2	0	3	2	2	0	2	4	5	3	5	4	4	2	1	5	4	4	4	2	5	5	5	1	3	0	2	0	1	0	0	2	6	0	1	2	0	9	5	3	0	10	3	0	1	1	0	1	1	4	0	1	0	3	2	1	3	1	1	0	0	0	2	0	3	2	2	1	1	4	1	0	2	0	7	0	1	0	6	5	5	7	0	0	0	5	1	0	1	1	1	1	6	2	1	0	11	3	0	3	14	3
chr7	12	4	6	4	3	4	2	2	4	5	2	1	5	1	6	1	2	2	1	3	0	2	2	2	2	1	4	5	4	1	0	2	7	0	1	3	5	1	2	6	3	2	1	1	3	1	2	0	1	3	1	3	0	1	1	3	8	2	2	4	3	2	1	3	4	2	1	2	1	1	4	2	1	1	2	1	1	0	1	2	2	0	1	0	0	0	3	3	2	2	3	2	3	4	1	0	1	2	2	4	2	0	2	2	0	3	2	5	2	0	4	4	3	2	4	4	3	2	1	3	2	0	2	3	2	5	0	2	6	3	2	4	0	1	1	2	3	2	2	3	0	4	5	3	4	4	1	0	2	1	3	1	5	2	2	0	3	3	2	4	1	0	1	4	2	4	3	2	1	2	2	2	5	2	2	1	5	3	3	1	1	1	2	0	1	3	4	2	2	2	4	2	4	2	3	3	4	0	5	1	3	6	1	1	2	0	4	3	1	2	2	1	1	3	1	2	0	1	1	3	3	1	4	3	6	2	6	1	0	2	2	2	2	4	2	2	2	1	2	5	3	2	3	1	2	3	1	5	4	1	2	1	2	3	2	6
chr7	1	5	3	0	8	4	2	3	5	4	0	5	1	2	4	2	5	2	5	2	4	2	6	6	1	0	2	1	0	1	0	3	3	2	1	1	7	3	3	1	1	0	0	1	2	7	6	2	2	2	0	0	1	0	5	2	3	0	6	4	0	2	1	1	3	7	5	8	0	6	0	0	1	3	0	9	1	6	2	1	2	1	3	4	2	1	0	0	2	0	3	1	0	1	0	9	2	3	0	1	0	0	0	0	2	0	0	5	1	2	1	4	1	1	0	0	0	1	0	3	1	0	2	0	4	7	9	3	5	2	5	0	5	2	2	1	1	3	1	3	2	0	7	0	4	2	4	1	3	0	0	1	1	0	2	2	0	0	1	2	5	3	5	3	3	1	2	0	4	1	1	1	2	3	4	3	1	1	3	1	11	1	0	3	1	2	9	2	3	2	5	1	0	3	1	1	1	7	0	0	0	4	1	0	0	0	0	1	12	1	1	3	1	0	0	3	2	0	0	4	2	2	2	9	2	2	2	4	1	0	0	2	9	5	6	5	1	3	3	2	1	4	2	0	5	2	1	7	5	1	8	3	0	3	2	4
chr8	2	2	3	1	7	0	1	2	3	3	4	3	2	0	2	3	2	2	4	5	1	4	1	0	3	1	1	0	1	0	6	2	3	1	0	6	8	4	1	2	5	2	1	2	4	2	3	2	0	2	5	3	2	0	0	2	2	2	2	6	1	5	0	7	2	6	3	3	2	2	0	2	2	8	3	4	2	1	4	3	3	2	3	1	2	2	1	3	0	2	1	2	0	4	1	5	2	2	1	1	1	2	2	1	2	1	1	0	2	0	1	2	0	3	0	0	2	2	2	2	3	4	1	4	1	2	6	2	3	1	6	2	1	2	4	2	4	3	1	0	1	2	5	3	8	1	8	1	4	1	2	3	1	2	1	1	2	2	2	2	4	1	6	2	1	1	2	2	0	2	2	1	1	1	1	2	3	1	2	5	0	1	1	1	3	3	4	3	2	2	5	1	1	1	1	1	3	2	0	3	1	1	2	4	5	1	1	4	1	1	2	3	1	1	1	4	2	1	1	2	0	3	3	2	3	5	1	2	8	3	0	3	6	1	1	2	4	0	8	4	1	2	1	3	3	4	3	3	3	5	3	3	3	4	3	6
chr8	4	2	6	8	2	0	1	2	5	2	3	4	10	1	5	6	2	3	1	4	2	0	0	1	0	1	0	3	2	0	1	3	4	1	6	6	4	2	1	2	2	0	1	2	2	0	1	3	6	3	6	9	1	2	0	4	3	3	7	3	3	1	3	7	3	0	3	3	6	2	1	1	2	2	0	0	3	1	2	2	2	3	0	1	2	1	3	0	1	0	1	2	1	0	1	5	1	0	1	0	0	0	1	0	2	1	2	0	2	3	1	0	6	0	3	1	0	0	0	2	1	1	3	2	2	4	2	6	6	2	3	2	0	0	1	1	3	3	2	1	3	2	3	2	3	2	2	3	1	2	0	2	1	0	4	0	3	0	2	0	5	0	1	3	2	2	2	1	4	4	2	2	0	1	6	1	2	0	1	2	2	1	0	2	1	1	3	4	4	0	0	5	7	1	2	9	2	1	1	2	7	2	0	1	8	3	6	4	2	2	1	0	1	3	1	4	0	0	0	1	4	2	3	5	3	1	1	1	4	1	1	2	1	2	7	4	1	2	1	5	5	3	0	9	2	6	1	6	1	3	1	0	8	10	0	14
chr8	1	0	4	3	1	5	3	0	6	2	1	1	1	3	3	1	3	0	2	4	4	8	4	4	1	0	1	3	1	1	1	3	2	4	2	4	2	1	0	1	1	3	1	6	0	0	1	3	1	3	1	1	2	4	2	4	2	2	3	4	2	2	7	1	3	4	2	3	4	5	1	0	3	2	5	2	2	3	3	5	6	8	5	5	11	5	1	2	3	3	1	1	4	1	2	2	1	2	1	2	0	2	0	1	1	0	0	3	1	2	2	1	3	4	0	3	1	2	0	1	1	3	3	1	3	3	4	2	3	3	2	0	3	4	1	5	1	0	4	1	2	3	2	3	2	0	4	0	1	2	3	2	1	0	1	1	2	0	2	4	3	4	1	0	1	4	1	2	2	0	0	2	3	2	6	4	1	0	1	3	4	2	0	3	2	3	4	3	1	4	3	3	1	2	2	2	1	6	0	1	2	0	1	0	1	3	3	3	2	2	1	4	8	4	0	1	1	0	1	1	3	2	3	3	2	3	2	4	3	1	2	4	4	5	3	4	1	5	2	3	2	1	1	3	2	5	1	3	6	2	6	3	1	2	3	3
