Chromosome	A	C	G	T
chr1	178	108	151	163
chr1	153	139	154	154
chr1	190	129	89	192
chr1	131	192	161	116
chr1	181	155	139	125
chr1	189	125	134	152
chr1	175	165	95	165
chr10	172	112	145	171
chr10	162	110	184	144
chr10	183	152	102	163
chr10	179	157	103	161
chr10	168	141	142	149
chr10	145	137	125	193
chr10	199	106	132	163
chr10	166	172	144	118
chr10	132	89	225	154
chr10	189	122	119	170
chr10	172	142	109	177
chr10	138	147	137	178
chr10	206	113	119	162
chr11	148	118	146	188
chr11	156	121	153	170
chr11	189	93	138	180
chr11	183	106	121	190
chr11	175	111	124	190
chr11	200	129	128	143
chr11	159	127	165	149
chr11	186	118	117	179
chr11	134	148	146	172
chr11	137	164	151	148
chr11	211	136	115	138
chr11	181	123	133	163
chr12	183	132	106	179
chr12	175	113	126	186
chr12	177	122	100	201
chr12	213	123	128	136
chr12	123	199	99	179
chr13	175	102	89	234
chr13	173	116	133	178
chr13	194	124	118	164
chr13	133	126	204	137
chr13	204	123	110	163
chr13	181	114	128	177
chr13	155	125	155	165
chr13	166	169	148	117
chr13	201	105	119	175
chr13	161	152	145	142
chr13	185	152	126	137
chr13	179	120	125	176
chr13	162	124	116	198
chr13	151	91	192	166
chr13	164	142	127	167
chr13	184	122	136	158
chr13	158	170	124	148
chr13	136	134	128	202
chr13	182	115	133	170
chr14	180	91	133	196
chr14	184	143	98	175
chr14	158	110	180	152
chr14	170	127	149	154
chr14	184	119	120	177
chr14	194	102	113	191
chr14	151	128	148	173
chr14	107	166	153	174
chr14	188	136	142	134
chr14	202	111	121	166
chr14	179	115	136	170
chr14	216	136	106	142
chr14	188	139	109	164
chr14	194	134	98	174
chr15	170	127	109	194
chr15	194	137	125	144
chr15	183	120	157	140
chr15	189	144	127	140
chr15	96	152	195	157
chr15	137	132	140	191
chr15	195	126	120	159
chr15	219	108	143	130
chr15	163	134	118	185
chr15	168	121	121	190
chr15	188	133	119	160
chr15	207	154	104	135
chr15	182	120	150	148
chr15	172	127	128	173
chr15	153	134	122	191
chr15	174	124	110	192
chr15	175	117	126	182
chr15	147	175	156	122
chr15	166	115	103	216
chr16	180	127	95	198
chr16	187	109	87	217
chr16	204	131	140	125
chr16	185	134	93	188
chr16	145	89	188	178
chr16	182	135	93	190
chr16	172	140	118	170
chr16	192	132	113	163
chr16	200	101	122	177
chr16	211	110	96	183
chr16	97	145	155	203
chr16	161	115	119	205
chr16	155	123	155	167
chr16	169	130	158	143
chr16	175	125	128	172
chr16	147	149	120	184
chr16	155	154	159	132
chr16	137	136	141	186
chr16	206	100	122	172
chr16	186	98	121	195
chr16	185	154	107	154
chr2	153	126	89	232
chr2	147	125	158	170
chr2	143	153	125	179
chr2	178	108	123	191
chr2	195	111	123	171
chr2	170	137	144	149
chr2	137	145	134	184
chr2	182	113	129	176
chr2	168	124	98	210
chr2	185	121	133	161
chr2	158	157	129	156
chr2	167	121	137	175
chr2	133	178	129	160
chr2	194	120	133	153
chr2	189	130	118	163
chr2	205	141	106	148
chr3	155	136	117	192
chr3	167	141	155	137
chr3	148	137	134	181
chr3	189	146	118	147
chr3	197	136	125	142
chr3	175	106	102	217
chr4	168	132	123	177
chr4	196	126	112	166
chr4	131	98	190	181
chr4	166	210	80	144
chr4	171	139	121	169
chr4	175	125	171	129
chr4	157	147	110	186
chr4	202	120	155	123
chr4	177	141	133	149
chr4	134	118	188	160
chr4	200	111	133	156
chr4	222	97	124	157
chr4	162	125	98	215
chr4	182	137	97	184
chr4	156	122	125	197
chr4	151	113	120	216
chr4	161	101	145	193
chr4	192	110	119	179
chr4	212	108	117	163
chr4	190	211	70	129
chr4	189	130	105	176
chr4	165	127	125	183
chr4	184	135	135	146
chr4	194	138	97	171
chr4	160	154	111	175
chr4	192	100	118	190
chr4	175	104	129	192
chr4	130	154	135	181
chr4	192	114	159	135
chr4	152	116	148	184
chr4	172	142	133	153
chr4	169	114	112	205
chr4	216	145	108	131
chr4	183	115	116	186
chr4	156	119	141	184
chr4	172	144	120	164
chr4	167	132	119	182
chr4	195	121	136	148
chr4	155	146	173	126
chr4	143	89	168	200
chr4	162	142	144	152
chr4	181	139	103	177
chr5	178	127	116	179
chr5	180	108	134	178
chr5	163	116	120	201
chr5	164	133	138	165
chr5	147	136	156	161
chr5	163	143	121	173
chr5	192	129	121	158
chr5	155	104	151	190
chr5	161	118	141	180
chr5	188	176	84	152
chr5	176	143	123	158
chr5	148	155	112	185
chr5	182	118	135	165
chr5	178	154	127	141
chr5	169	129	99	203
chr5	191	110	122	177
chr5	191	124	128	157
chr5	117	134	117	232
chr5	158	136	94	212
chr5	141	151	97	211
chr6	169	104	126	201
chr6	171	125	148	156
chr6	136	137	124	203
chr6	179	102	155	164
chr6	100	177	179	144
chr7	181	130	107	182
chr7	181	129	171	119
chr7	190	126	129	155
chr7	199	143	117	141
chr7	164	124	131	181
chr7	192	103	101	204
chr7	165	149	106	180
chr7	167	122	101	210
chr7	212	96	108	184
chr7	177	129	129	165
chr7	199	112	143	146
chr7	182	123	117	178
chr7	136	136	143	185
chr7	143	154	133	170
chr7	152	120	116	212
chr7	138	172	120	170
chr7	168	139	106	187
chr7	192	132	98	178
chr7	185	143	132	140
chr7	186	167	109	138
chr7	121	118	164	197
chr7	205	103	141	151
chr7	206	132	97	165
chr7	180	110	119	191
chr8	155	150	146	149
chr8	160	129	154	157
chr8	167	121	125	187
chr8	144	148	122	186
chr8	150	160	134	156
chr8	187	131	130	152
chr8	171	115	142	172
chr8	196	104	99	201
chr9	140	100	178	182
chr9	178	112	157	153
chr9	158	135	117	190
chr9	181	119	108	192
chr9	105	175	164	156
chr9	157	127	111	205
chr9	139	113	174	174
chr9	183	130	115	172
chr9	191	110	106	193
chr9	180	128	126	166
chr9	160	124	137	179
chr9	151	142	155	152
chr9	199	115	104	182
chr9	157	127	168	148
chr9	127	113	174	186
chr9	190	137	120	153
chr9	158	127	129	186
