Chromosome	AA	AC	AG	AT	CA	CC	CG	CT	GA	GC	GG	GT	TA	TC	TG	TT
chr1	57	34	44	43	37	17	22	32	36	34	42	39	47	23	43	49
chr1	46	33	36	38	33	39	40	27	38	29	42	44	36	38	35	45
chr1	83	41	24	42	36	29	21	43	38	19	13	18	32	40	31	89
chr1	23	61	23	24	55	36	63	37	42	47	35	37	10	48	40	18
chr1	69	42	34	36	52	39	29	34	39	37	40	23	21	36	36	32
chr1	68	42	29	49	47	30	21	27	38	25	42	29	36	27	42	47
chr1	57	65	23	30	63	35	17	50	19	27	12	36	36	38	42	49
chr10	62	32	36	42	41	15	20	36	42	30	39	33	27	34	50	60
chr10	47	29	48	38	32	15	38	25	52	36	48	47	30	30	50	34
chr10	50	41	27	65	53	43	22	34	32	28	14	27	48	40	38	37
chr10	69	37	30	42	45	40	16	56	25	34	20	24	40	45	37	39
chr10	53	37	35	43	46	28	37	30	37	34	34	37	32	42	36	38
chr10	45	36	22	42	36	35	26	40	32	29	32	32	31	37	45	79
chr10	72	30	48	48	38	20	14	34	48	27	26	31	41	29	43	50
chr10	45	47	47	27	49	49	34	40	47	32	35	29	25	43	28	22
chr10	19	25	59	29	30	10	16	33	56	32	77	59	27	21	73	33
chr10	62	39	30	58	46	22	22	31	36	28	27	28	44	33	40	53
chr10	57	33	30	52	35	44	20	43	25	22	21	40	55	43	37	42
chr10	32	32	28	46	39	38	33	37	32	41	31	32	35	36	44	63
chr10	89	34	43	40	43	25	13	32	39	23	27	30	34	31	36	60
chr11	41	26	36	45	39	32	11	36	29	36	38	43	38	24	61	64
chr11	44	20	43	48	41	22	28	30	37	39	38	39	34	40	43	53
chr11	70	24	44	51	31	17	13	31	40	24	39	35	48	28	41	63
chr11	63	31	39	50	37	21	17	31	42	25	20	34	41	29	45	74
chr11	56	27	44	47	32	22	23	34	22	36	24	42	64	26	33	67
chr11	70	34	46	49	49	31	18	31	52	26	24	26	28	38	40	37
chr11	42	33	56	28	37	30	33	27	46	33	33	52	34	31	43	41
chr11	64	33	38	51	38	28	22	30	46	16	21	33	37	41	36	65
chr11	36	43	25	30	36	39	22	51	26	20	48	52	36	46	51	38
chr11	27	31	47	32	43	56	25	39	42	37	34	38	24	40	45	39
chr11	74	53	41	43	47	30	30	28	48	27	16	24	42	25	28	43
chr11	55	42	36	48	41	27	21	34	36	28	42	27	48	26	34	54
chr12	54	45	29	54	42	22	22	46	34	22	19	31	52	43	36	48
chr12	60	34	34	47	33	26	21	33	39	26	32	28	43	27	39	77
chr12	47	33	32	64	44	26	11	41	37	23	16	24	49	39	41	72
chr12	85	36	52	40	41	22	24	36	58	21	25	24	29	44	27	35
chr12	39	27	37	19	45	51	20	83	21	43	11	24	18	78	30	53
chr13	66	23	23	62	25	22	11	44	30	15	15	29	54	42	40	98
chr13	50	31	49	43	38	34	14	30	42	22	29	40	43	29	41	64
chr13	73	45	27	49	46	22	21	35	37	26	26	29	37	31	44	51
chr13	38	29	35	31	41	27	23	35	24	44	87	48	30	25	59	23
chr13	75	35	39	55	44	28	22	29	38	25	21	25	47	35	28	53
chr13	65	24	48	44	33	30	16	35	36	28	28	36	47	32	36	61
chr13	41	35	36	43	30	27	35	33	42	33	40	39	42	30	44	49
chr13	47	43	45	31	55	40	37	36	39	48	40	21	25	38	26	28
chr13	72	23	46	59	35	24	21	25	44	25	15	35	50	33	36	56
chr13	54	30	44	33	42	40	30	40	39	44	29	32	25	38	42	37
chr13	68	44	35	37	52	33	36	31	34	39	28	25	30	36	27	44
chr13	57	32	38	52	34	31	23	31	37	28	25	35	50	29	39	58
chr13	50	30	26	56	35	33	26	30	32	20	24	40	45	40	40	72
chr13	40	16	44	51	32	10	26	22	41	46	64	41	38	19	58	51
chr13	44	47	29	44	52	30	21	39	34	30	30	33	34	35	47	50
chr13	54	38	45	46	41	25	22	34	42	30	29	35	46	29	40	43
chr13	43	51	23	41	48	47	34	41	34	29	38	22	33	43	28	44
chr13	27	35	25	49	40	29	15	50	30	23	39	35	39	47	49	67
chr13	49	40	37	56	42	19	21	33	48	21	33	31	43	35	42	49
chr14	71	22	35	52	24	18	15	34	48	23	30	32	37	28	52	78
chr14	50	49	29	56	61	37	18	26	27	16	22	33	46	41	28	60
chr14	36	45	53	24	33	24	24	29	51	20	40	68	37	21	63	31
chr14	58	23	46	43	30	36	24	36	46	40	34	29	36	27	45	46
chr14	70	35	30	49	42	24	19	34	30	22	31	37	42	37	40	57
chr14	66	35	39	54	36	19	11	36	49	19	13	32	43	29	50	68
chr14	40	28	43	40	32	39	22	35	45	24	54	24	33	37	29	74
chr14	13	37	32	25	29	41	45	50	31	48	33	41	34	39	43	58
chr14	76	41	34	36	55	29	22	30	24	36	44	38	33	30	42	29
chr14	61	43	43	54	39	18	24	30	45	22	20	34	57	28	34	47
chr14	61	29	45	43	45	28	19	23	39	25	33	39	34	33	39	64
chr14	68	47	42	58	58	36	19	23	43	23	15	25	47	29	30	36
chr14	65	43	32	48	39	31	29	39	42	22	13	32	41	43	35	45
chr14	74	37	32	51	50	26	19	38	33	25	15	25	37	46	32	59
chr15	49	34	35	52	45	26	22	34	35	25	13	36	40	42	39	72
chr15	62	42	48	42	52	27	25	33	39	34	14	37	41	34	37	32
chr15	49	40	67	27	47	29	16	27	59	25	29	44	28	26	45	41
chr15	57	39	45	48	59	32	19	34	38	31	32	26	35	42	31	31
chr15	18	24	34	20	22	38	53	39	29	54	57	55	26	36	51	43
chr15	37	29	30	41	36	26	23	47	25	33	32	50	39	44	54	53
chr15	60	38	37	59	42	27	21	36	44	28	24	24	48	33	38	40
chr15	76	43	56	44	45	14	24	25	62	28	26	26	36	23	37	34
chr15	49	28	42	44	40	33	18	43	30	27	32	29	44	45	26	69
chr15	50	34	35	49	34	29	19	39	42	21	20	38	41	37	47	64
chr15	72	36	37	43	52	32	14	35	32	27	28	31	32	38	40	50
chr15	71	47	34	54	64	45	13	32	23	31	26	24	49	31	31	24
chr15	54	29	55	44	43	23	25	28	50	37	36	27	35	31	34	48
chr15	53	34	44	41	41	33	23	30	33	28	32	34	44	32	29	68
chr15	37	33	38	45	44	33	22	35	28	29	27	38	44	39	34	73
chr15	63	33	31	47	28	26	21	48	31	29	25	25	51	36	33	72
chr15	59	37	28	51	33	26	26	32	34	31	27	33	48	23	45	66
chr15	36	44	26	41	45	52	61	17	41	46	36	33	25	33	33	30
chr15	43	34	28	61	34	22	18	40	30	20	18	35	59	38	39	80
chr16	57	31	24	67	45	31	13	38	31	18	17	29	46	47	41	64
chr16	53	25	33	76	37	20	18	34	28	20	10	29	69	44	25	78
chr16	67	51	46	40	39	27	33	32	51	31	32	25	47	22	28	28
chr16	59	44	26	56	44	29	21	40	26	23	15	29	56	38	31	62
chr16	29	21	47	47	30	26	11	22	54	28	57	49	32	14	73	59
chr16	72	35	32	42	35	33	20	47	32	20	13	28	42	47	28	73
chr16	58	34	30	49	42	32	24	42	33	29	25	31	38	45	39	48
chr16	69	48	34	41	46	29	17	39	41	21	19	32	35	34	43	51
chr16	78	36	38	47	39	16	19	27	39	14	28	41	44	35	37	61
chr16	75	39	42	55	44	24	11	31	34	14	17	31	57	33	26	66
chr16	13	24	16	44	17	35	33	60	25	43	36	51	42	43	69	48
chr16	62	22	26	50	29	29	19	38	23	22	32	42	47	42	42	74
chr16	41	33	36	45	37	29	31	26	35	30	39	50	42	31	48	46
chr16	50	40	47	32	39	20	34	37	45	37	48	28	34	33	29	46
chr16	49	38	26	62	38	30	22	34	40	25	36	27	48	32	44	48
chr16	39	28	29	51	38	49	26	36	24	29	31	35	46	43	34	61
chr16	51	28	41	35	34	45	46	28	44	45	35	35	26	35	37	34
chr16	25	30	35	46	45	20	26	45	24	45	26	46	42	41	54	49
chr16	91	26	38	50	32	18	16	34	40	25	24	33	43	31	44	54
chr16	46	26	36	78	40	17	13	28	35	16	37	32	65	38	35	57
chr16	53	44	32	56	58	46	26	24	31	34	18	24	43	29	31	50
chr2	51	19	30	53	33	25	18	49	17	28	10	34	52	53	31	96
chr2	48	24	47	27	33	35	24	33	43	24	39	52	23	41	48	58
chr2	37	35	29	41	36	39	33	45	24	35	18	48	46	44	45	44
chr2	61	29	26	62	30	23	25	29	33	24	24	42	54	32	47	58
chr2	72	34	38	50	33	25	18	35	40	19	33	31	49	33	34	55
chr2	51	39	40	40	45	43	21	28	46	16	43	39	28	39	40	41
chr2	33	33	29	41	34	28	28	55	30	42	28	34	39	42	49	54
chr2	77	34	30	41	36	24	20	33	35	17	32	45	34	38	47	56
chr2	52	36	30	50	37	23	12	52	25	21	16	35	54	44	39	73
chr2	70	24	41	50	40	29	23	29	28	34	30	41	47	34	39	40
chr2	44	36	41	37	55	47	23	31	30	30	29	40	29	43	36	48
chr2	49	32	37	48	34	30	22	35	43	25	29	40	41	34	48	52
chr2	31	38	35	29	34	62	27	55	29	37	22	40	39	41	45	35
chr2	73	31	41	48	41	23	17	39	41	30	39	23	39	36	35	43
chr2	65	35	35	54	44	31	20	35	35	28	25	30	45	35	38	44
chr2	84	36	37	48	56	41	14	30	31	29	24	21	33	35	31	49
chr3	43	35	30	47	38	31	21	45	38	28	26	25	36	42	40	74
chr3	42	46	36	42	44	33	37	27	51	24	43	37	30	38	38	31
chr3	38	29	36	45	41	35	21	40	31	27	31	44	37	46	46	52
chr3	60	43	38	48	60	34	17	34	34	31	25	28	34	38	38	37
chr3	70	44	37	45	51	41	16	28	35	29	29	32	41	22	42	37
chr3	65	19	33	58	36	13	15	41	35	14	16	37	38	60	38	81
chr4	42	43	40	43	46	28	19	38	36	23	26	38	44	37	38	58
chr4	67	36	41	52	48	37	12	29	29	19	23	41	51	34	36	44
chr4	19	27	49	36	38	17	17	26	41	33	52	64	32	21	72	55
chr4	55	44	27	40	61	79	13	56	14	28	15	23	36	59	24	25
chr4	49	38	32	51	47	31	27	34	36	32	26	27	39	38	35	57
chr4	49	41	55	29	44	23	31	27	51	37	43	40	30	24	42	33
chr4	46	38	26	47	41	34	28	44	25	30	22	33	45	45	34	61
chr4	74	38	57	33	47	13	34	26	48	50	34	23	33	19	30	40
chr4	50	44	38	45	44	38	23	36	54	20	26	33	29	39	46	34
chr4	40	16	47	31	31	39	25	23	32	30	61	65	31	33	55	40
chr4	70	34	44	52	45	24	19	23	45	24	26	38	40	29	44	42
chr4	91	27	49	55	34	24	14	25	54	13	25	32	42	33	36	45
chr4	43	26	23	70	44	24	14	43	35	17	13	33	39	58	48	69
chr4	62	31	25	64	45	41	22	29	30	22	19	26	45	43	31	64
chr4	47	33	33	43	39	26	12	45	30	26	24	45	40	36	56	64
chr4	36	25	37	53	38	20	15	39	37	20	24	39	40	48	44	84
chr4	51	26	38	45	30	20	17	34	35	25	39	46	45	30	50	68
chr4	61	35	36	60	41	26	13	29	54	13	21	31	36	36	49	58
chr4	90	27	45	50	36	28	13	30	33	19	28	37	53	34	31	45
chr4	50	103	20	17	70	57	12	71	27	16	8	19	42	35	30	22
chr4	71	38	32	48	37	25	17	50	46	22	18	19	34	45	38	59
chr4	52	32	40	41	34	25	21	47	36	31	25	33	43	39	38	62
chr4	39	41	44	59	56	36	19	24	42	26	42	25	46	32	30	38
chr4	69	44	35	45	58	28	13	39	21	22	21	33	46	44	28	53
chr4	42	40	37	41	42	43	17	51	38	23	27	23	37	48	30	60
chr4	64	31	42	54	38	16	16	30	48	20	18	32	42	33	42	73
chr4	61	29	39	46	39	18	12	35	36	23	24	45	38	34	54	66
chr4	35	32	27	36	37	35	31	51	32	44	27	32	26	43	49	62
chr4	82	30	42	38	36	22	34	22	42	34	42	40	32	28	41	34
chr4	44	22	37	49	22	30	21	43	50	27	36	35	36	36	54	57
chr4	62	37	37	36	43	32	23	43	34	38	29	32	33	35	43	42
chr4	51	37	29	52	38	17	19	40	28	22	26	35	51	38	38	78
chr4	73	61	40	41	66	34	16	29	40	21	20	27	36	29	32	34
chr4	69	34	29	51	33	22	17	43	33	28	25	29	47	31	45	63
chr4	58	18	38	42	31	29	23	36	35	33	37	36	32	39	43	69
chr4	56	41	34	40	43	37	20	44	30	27	33	30	43	39	33	49
chr4	59	26	36	46	30	40	21	41	30	30	22	36	48	36	40	58
chr4	60	43	49	42	53	20	18	30	47	33	24	32	35	25	45	43
chr4	37	38	53	27	39	28	41	37	54	39	39	41	25	41	39	21
chr4	40	26	34	43	29	12	15	33	43	28	41	56	31	22	78	68
chr4	37	40	41	44	51	33	30	28	46	26	38	34	28	43	34	46
chr4	66	33	34	48	52	37	19	31	18	26	23	36	44	43	27	62
chr5	59	33	36	50	46	25	25	31	38	28	20	30	35	40	35	68
chr5	55	34	37	53	34	22	19	33	51	22	29	32	40	30	48	60
chr5	55	24	28	56	30	24	25	37	29	26	21	44	48	42	46	64
chr5	43	44	42	35	41	25	28	38	38	38	24	38	42	26	43	54
chr5	38	38	39	32	34	36	35	31	48	21	37	50	27	40	45	48
chr5	44	41	32	46	45	36	23	38	30	23	36	32	44	42	30	57
chr5	64	41	38	49	51	31	18	28	40	21	30	30	36	36	35	51
chr5	37	30	32	56	30	18	23	33	46	23	36	45	42	33	59	56
chr5	51	28	44	37	46	16	20	36	45	23	32	41	19	51	45	65
chr5	59	48	27	54	67	46	14	49	15	35	15	19	47	47	28	29
chr5	55	54	31	35	53	33	24	33	30	24	28	41	38	32	39	49
chr5	48	33	25	42	39	43	25	47	27	30	27	28	34	49	35	67
chr5	63	37	38	44	31	27	25	35	53	27	23	31	35	27	48	55
chr5	49	49	45	34	59	34	23	38	32	29	33	33	37	42	26	36
chr5	53	38	28	50	37	29	17	46	26	14	22	37	53	48	31	70
chr5	64	36	35	55	38	27	15	30	41	20	32	29	48	27	39	63
chr5	69	30	52	40	39	28	20	37	39	35	16	38	44	31	40	41
chr5	30	26	24	37	35	28	14	57	24	29	35	28	27	51	44	110
chr5	47	35	20	55	51	23	17	45	25	18	18	33	34	60	39	79
chr5	42	30	27	42	43	25	20	63	20	24	23	29	36	72	26	77
chr6	56	27	31	55	29	17	17	40	41	25	27	33	43	35	51	72
chr6	49	31	47	43	46	24	25	30	42	37	32	37	34	33	43	46
chr6	31	34	28	43	40	33	25	39	22	26	23	52	42	44	48	69
chr6	62	36	37	44	29	18	27	28	53	25	37	39	35	23	54	52
chr6	20	35	21	24	28	40	70	39	34	64	43	38	18	38	45	42
chr7	61	34	30	55	39	26	29	36	30	28	18	31	51	42	30	59
chr7	59	37	47	38	47	28	32	22	48	39	46	37	27	25	46	21
chr7	56	35	34	65	53	23	24	26	39	32	31	26	42	36	39	38
chr7	59	49	48	43	57	35	20	31	44	26	25	22	39	33	24	44
chr7	62	39	25	37	34	24	22	44	39	22	36	34	28	39	48	66
chr7	70	28	43	50	46	19	5	33	25	20	20	36	51	36	33	84
chr7	36	42	35	52	50	41	23	34	35	21	14	36	44	44	34	58
chr7	53	36	31	47	37	22	13	50	31	24	17	29	46	39	40	84
chr7	81	33	43	55	37	12	12	35	41	22	22	23	53	29	31	70
chr7	61	36	40	40	50	23	26	30	33	34	26	36	33	35	37	59
chr7	86	29	37	46	34	26	30	22	42	32	41	28	37	25	35	49
chr7	58	35	46	43	35	32	16	39	46	25	22	24	43	31	33	71
chr7	31	27	24	54	42	29	33	32	28	36	39	40	34	44	47	59
chr7	24	27	25	67	49	56	14	35	31	40	41	20	38	31	53	48
chr7	40	23	33	56	46	23	14	36	23	32	25	36	43	41	44	84
chr7	39	30	25	44	48	59	20	44	24	37	27	32	27	46	48	49
chr7	59	39	25	44	43	39	9	48	25	26	24	31	41	35	48	63
chr7	70	32	28	62	43	34	16	39	22	26	15	34	56	40	39	43
chr7	74	40	37	33	35	32	37	39	38	43	32	19	38	28	25	49
chr7	59	37	43	47	64	50	17	35	32	34	18	25	31	46	30	31
chr7	27	25	31	38	27	27	22	41	31	30	48	55	36	36	63	62
chr7	71	32	51	51	34	20	14	35	54	24	35	27	46	27	41	37
chr7	83	29	42	52	48	37	12	34	32	25	16	24	43	40	27	55
chr7	58	33	38	50	38	12	23	37	36	27	26	30	48	38	32	73
chr8	45	31	37	42	51	43	26	30	32	41	39	33	27	35	44	43
chr8	39	35	47	39	47	28	22	31	42	42	32	38	32	24	52	49
chr8	47	28	33	59	38	26	18	39	38	29	28	29	44	38	45	60
chr8	37	29	17	61	38	34	31	45	27	23	33	39	42	62	40	41
chr8	40	41	30	39	46	59	21	34	39	22	35	37	25	38	47	46
chr8	58	37	47	45	46	32	25	28	38	31	30	30	45	31	27	49
chr8	51	27	39	53	29	30	30	26	38	34	24	46	52	24	49	47
chr8	75	38	28	55	32	20	14	38	27	17	18	37	61	29	39	71
chr9	20	34	64	22	53	10	11	26	35	19	41	83	31	37	62	51
chr9	52	39	59	27	43	26	17	26	50	19	36	52	33	28	44	48
chr9	48	37	31	42	41	35	10	49	35	23	27	32	33	40	49	67
chr9	65	44	33	39	37	31	13	37	37	8	24	39	42	35	38	77
chr9	16	32	32	25	36	38	51	50	36	38	40	49	17	67	40	32
chr9	41	27	30	59	35	32	21	39	33	20	25	32	47	48	35	75
chr9	38	21	38	42	26	27	30	30	46	29	48	50	28	36	58	52
chr9	62	32	35	54	44	34	16	36	32	25	21	36	45	39	43	45
chr9	67	30	40	54	40	22	11	37	31	18	19	38	53	39	36	64
chr9	56	43	44	37	41	22	21	43	42	28	25	31	41	35	35	55
chr9	45	30	32	53	41	22	22	39	27	33	42	35	47	39	41	51
chr9	38	28	39	46	36	33	35	38	44	48	27	36	33	33	53	32
chr9	64	40	34	60	45	25	12	33	38	18	25	23	52	32	32	66
chr9	37	26	53	40	48	21	23	35	43	39	55	31	28	41	37	42
chr9	29	22	35	41	29	33	10	41	32	44	53	44	36	14	76	60
chr9	79	39	38	33	47	37	17	36	28	27	27	38	36	34	37	46
chr9	52	30	31	45	34	36	16	41	25	28	40	35	47	32	42	65
