Chromosome	A	C	G	T
chr1	180	123	132	165
chr1	155	141	151	153
chr1	187	128	91	194
chr1	174	117	131	178
chr1	136	201	155	108
chr1	130	194	154	122
chr10	212	114	108	166
chr10	206	103	111	180
chr10	163	109	184	144
chr10	193	110	133	164
chr10	178	107	133	182
chr10	153	150	90	207
chr10	175	152	105	168
chr10	173	141	140	146
chr10	145	137	125	193
chr10	166	173	138	123
chr10	137	85	224	154
chr10	164	129	104	203
chr10	152	139	138	171
chr10	186	121	122	171
chr10	184	141	125	150
chr10	177	144	108	171
chr10	162	121	119	198
chr10	150	140	132	178
chr10	116	153	151	180
chr10	184	143	95	178
chr10	155	141	125	179
chr10	204	120	116	160
chr11	210	161	103	126
chr11	144	154	163	139
chr11	196	117	118	169
chr11	189	112	120	179
chr12	136	146	147	171
chr12	178	117	126	179
chr12	149	122	180	149
chr12	170	122	108	200
chr12	172	121	104	203
chr12	144	115	167	174
chr12	179	101	135	185
chr12	164	137	142	157
chr12	194	139	100	167
chr13	188	137	120	155
chr13	165	186	115	134
chr13	173	146	100	181
chr13	197	125	102	176
chr13	189	110	138	163
chr13	195	125	120	160
chr13	195	126	115	164
chr13	169	152	101	178
chr13	197	147	108	148
chr13	182	114	128	176
chr13	152	124	146	178
chr13	183	127	108	182
chr13	170	133	118	179
chr13	152	143	135	170
chr13	188	109	134	169
chr13	192	150	131	127
chr13	148	123	115	214
chr13	160	94	180	166
chr13	175	131	124	170
chr13	162	130	125	183
chr13	178	108	134	180
chr13	199	103	128	170
chr13	184	128	134	154
chr13	218	124	129	129
chr13	176	119	128	177
chr14	187	95	125	193
chr14	166	124	108	202
chr14	168	157	92	183
chr14	189	149	92	170
chr14	144	110	193	153
chr14	199	111	114	176
chr14	202	95	121	182
chr14	150	134	105	211
chr14	174	121	136	169
chr14	147	157	128	168
chr14	193	133	138	136
chr14	171	124	128	177
chr14	207	107	127	159
chr14	176	139	148	137
chr14	161	120	117	202
chr14	192	101	143	164
chr14	190	132	115	163
chr14	203	129	115	153
chr14	175	143	134	148
chr15	184	120	157	139
chr15	193	97	178	132
chr15	153	130	124	193
chr15	101	153	192	154
chr15	141	126	142	191
chr15	180	150	98	172
chr15	195	102	135	168
chr15	195	116	119	170
chr15	189	137	117	157
chr15	216	106	141	137
chr15	191	115	103	191
chr15	176	121	118	185
chr15	181	134	113	172
chr15	125	136	96	243
chr15	204	152	109	135
chr15	159	137	156	148
chr15	193	142	98	167
chr15	179	99	135	187
chr15	170	124	113	193
chr15	167	115	102	216
chr16	179	112	84	225
chr16	200	133	143	124
chr16	143	87	188	182
chr16	174	137	92	197
chr16	173	125	94	208
chr16	162	131	136	171
chr16	167	143	131	159
chr16	172	114	162	152
chr16	104	119	162	215
chr16	140	143	138	179
chr16	131	128	163	178
chr16	152	123	157	168
chr16	163	122	147	168
chr16	184	114	140	162
chr16	176	132	159	133
chr16	178	148	119	155
chr16	149	148	121	182
chr16	148	131	147	174
chr16	216	98	120	166
chr2	162	123	139	176
chr2	134	167	131	168
chr2	176	102	121	201
chr2	189	117	116	178
chr2	159	140	148	153
chr2	184	129	133	154
chr2	177	131	111	181
chr2	166	122	124	188
chr2	167	190	110	133
chr2	165	145	123	167
chr2	185	121	133	161
chr2	180	130	125	165
chr2	187	120	126	167
chr2	150	136	103	211
chr2	178	130	121	171
chr2	202	145	90	163
chr2	176	120	113	191
chr3	155	135	117	193
chr3	177	121	126	176
chr3	173	131	134	162
chr3	155	156	147	142
chr3	162	121	142	175
chr3	157	130	123	190
chr3	188	147	118	147
chr4	177	123	111	189
chr4	170	122	150	158
chr4	159	117	127	197
chr4	179	138	122	161
chr4	178	132	153	137
chr4	170	144	108	178
chr4	161	135	125	179
chr4	209	116	163	112
chr4	185	136	100	179
chr4	157	119	120	204
chr4	179	114	98	209
chr4	159	144	89	208
chr4	186	148	100	166
chr4	182	126	110	182
chr4	169	118	113	200
chr4	165	128	123	184
chr4	211	131	139	119
chr4	155	157	112	176
chr4	187	133	107	173
chr4	213	97	130	160
chr4	193	101	132	174
chr4	182	124	151	143
chr4	170	103	154	173
chr4	154	145	132	169
chr4	215	113	103	169
chr4	150	157	123	170
chr4	205	155	121	119
chr4	174	131	108	187
chr4	189	121	114	176
chr4	150	124	125	201
chr4	154	146	150	150
chr4	162	151	133	154
chr4	156	129	119	196
chr4	160	143	145	152
chr5	178	105	136	181
chr5	141	149	152	158
chr5	122	153	130	195
chr5	161	123	164	152
chr5	169	109	174	148
chr5	174	143	123	160
chr5	140	159	105	196
chr5	194	120	113	173
chr5	169	119	127	185
chr5	149	148	116	187
chr5	185	151	98	166
chr5	172	133	105	190
chr5	180	150	131	139
chr5	187	110	118	185
chr5	170	129	122	179
chr5	161	105	152	182
chr5	160	129	125	186
chr5	166	144	83	207
chr5	193	109	131	167
chr6	156	109	140	195
chr6	187	97	115	201
chr6	174	103	157	166
chr6	157	146	123	174
chr7	126	144	147	183
chr7	176	125	167	132
chr7	204	119	104	173
chr7	115	120	175	190
chr7	198	149	106	147
chr7	195	137	148	120
chr7	139	145	116	200
chr7	186	108	132	174
chr7	194	138	145	123
chr7	186	107	106	201
chr7	197	110	127	166
chr7	204	119	132	145
chr7	203	124	105	168
chr7	179	129	131	161
chr7	195	115	148	142
chr7	171	101	96	232
chr7	148	131	144	177
chr7	140	134	143	183
chr7	192	117	107	184
chr7	140	170	117	173
chr7	185	131	140	144
chr7	202	129	109	160
chr7	125	113	166	196
chr7	175	136	118	171
chr7	202	149	110	139
chr7	186	134	111	169
chr7	172	114	103	211
chr7	178	98	128	196
chr8	159	158	141	142
chr8	157	133	150	160
chr8	130	130	137	203
chr8	142	150	119	189
chr8	182	101	124	193
chr8	170	141	126	163
chr8	164	145	109	182
chr8	182	101	170	147
chr8	160	129	109	202
chr9	112	147	199	142
chr9	164	124	111	201
chr9	190	142	131	137
chr9	140	112	173	175
chr9	182	131	115	172
chr9	194	107	111	188
chr9	130	148	135	187
chr9	198	117	106	179
chr9	153	133	162	152
