Chromosome	AA	AC	AG	AT	CA	CC	CG	CT	GA	GC	GG	GT	TA	TC	TG	TT
chr1	56	34	43	47	37	23	27	36	53	24	28	26	34	42	34	55
chr1	48	34	35	38	34	39	41	27	38	29	41	43	35	38	34	45
chr1	80	40	25	42	35	29	19	44	38	20	13	20	34	39	33	88
chr1	43	30	39	62	47	20	18	32	44	24	29	33	40	42	45	51
chr1	25	57	29	25	59	47	60	35	36	54	34	31	16	43	31	17
chr1	33	43	33	21	56	45	47	46	29	51	39	34	12	54	35	21
chr10	85	38	37	52	34	27	17	35	36	27	17	28	57	22	36	51
chr10	81	30	38	57	34	16	20	33	34	21	24	31	56	36	29	59
chr10	48	29	48	37	32	15	37	25	53	35	49	47	30	30	50	34
chr10	71	37	39	46	38	20	21	31	44	24	33	32	40	29	40	54
chr10	64	19	39	55	24	25	22	36	45	32	32	24	45	31	40	66
chr10	52	38	21	42	39	37	14	60	24	21	12	32	38	54	43	72
chr10	67	35	30	43	42	38	16	55	26	33	21	25	40	46	38	44
chr10	55	39	36	42	47	28	37	29	38	34	33	35	32	40	34	40
chr10	45	36	22	42	36	35	26	40	32	29	32	32	31	37	45	79
chr10	45	50	40	31	48	46	36	42	44	34	33	27	29	43	29	22
chr10	23	26	60	28	28	7	12	38	58	35	74	57	27	17	78	31
chr10	51	35	24	53	45	32	18	34	30	16	23	35	38	46	39	80
chr10	50	45	34	23	36	31	26	46	37	32	31	38	28	31	47	64
chr10	60	38	30	58	45	22	23	31	36	28	28	29	44	33	41	53
chr10	64	41	34	44	47	38	29	27	21	34	28	42	51	28	34	37
chr10	55	36	34	52	40	45	18	41	27	25	18	38	55	38	37	40
chr10	57	30	23	52	34	24	21	42	35	18	31	35	36	49	43	69
chr10	40	28	33	48	40	36	29	35	30	42	28	32	39	34	42	63
chr10	20	30	32	34	35	38	27	53	35	40	33	42	26	45	59	50
chr10	68	42	24	50	42	43	16	41	26	24	24	21	48	34	30	66
chr10	42	39	35	39	54	27	19	41	32	27	31	35	26	48	40	64
chr10	87	33	42	42	47	26	14	32	38	25	26	27	31	36	34	59
chr11	84	45	37	44	63	62	11	25	27	24	29	22	36	30	25	35
chr11	37	32	33	41	43	38	49	24	40	46	39	38	24	38	42	35
chr11	74	33	40	49	38	28	22	28	45	16	25	32	38	40	31	60
chr11	77	26	40	46	39	23	23	27	35	27	17	40	37	36	40	66
chr12	39	26	35	35	36	39	33	38	29	40	36	42	32	40	43	56
chr12	63	37	36	42	32	28	22	34	40	25	32	29	43	27	35	74
chr12	41	34	49	24	28	31	33	30	43	32	51	54	37	25	47	40
chr12	56	26	39	49	37	33	19	32	29	25	15	39	48	37	35	80
chr12	44	34	30	64	41	25	14	41	35	22	19	27	51	40	41	71
chr12	32	38	40	34	27	28	28	32	41	28	35	62	43	21	64	46
chr12	51	30	46	52	30	15	24	32	42	25	31	36	56	30	34	65
chr12	55	44	40	25	39	35	28	35	41	16	40	45	28	42	34	52
chr12	60	53	31	50	51	33	24	31	34	21	21	24	49	32	24	61
chr13	66	47	35	40	53	28	28	28	35	22	22	40	34	39	35	47
chr13	54	51	29	30	59	53	30	44	30	37	27	21	22	45	29	38
chr13	51	45	36	40	57	34	13	42	30	25	13	32	35	42	37	67
chr13	78	34	27	58	39	30	22	34	28	23	22	29	51	38	31	55
chr13	58	34	53	44	41	31	14	24	45	21	29	43	45	24	42	51
chr13	71	33	39	52	38	32	21	34	32	26	24	38	54	34	36	35
chr13	77	45	25	48	45	23	21	37	35	26	24	29	38	32	45	49
chr13	55	49	21	44	37	28	28	59	23	35	19	23	53	40	33	52
chr13	69	44	37	47	57	33	24	33	35	31	20	21	36	39	27	46
chr13	65	24	49	44	33	30	16	35	36	28	27	36	47	32	36	61
chr13	42	33	33	44	29	28	34	33	39	30	36	40	42	33	43	60
chr13	55	43	33	52	41	20	21	45	36	30	15	26	51	33	39	59
chr13	47	37	33	53	46	21	33	33	32	31	23	32	44	44	29	61
chr13	58	21	35	38	27	38	37	41	32	42	31	29	35	42	32	61
chr13	53	33	52	50	40	23	20	25	46	23	29	36	49	29	33	58
chr13	70	50	37	35	55	32	35	27	39	38	29	25	28	30	30	39
chr13	42	23	25	58	30	21	27	44	36	26	20	33	40	53	43	78
chr13	47	19	46	48	33	10	26	25	40	46	52	42	40	18	56	51
chr13	59	31	33	51	45	28	20	38	32	34	29	29	39	38	41	52
chr13	56	26	31	49	35	38	14	43	28	29	32	35	42	37	48	56
chr13	59	26	47	46	36	22	17	33	37	29	31	36	46	31	39	64
chr13	67	35	41	56	29	18	17	39	53	24	26	25	50	25	44	50
chr13	52	39	45	48	46	26	22	33	41	30	29	34	45	32	38	39
chr13	89	45	44	40	60	27	19	18	35	27	28	38	34	25	37	33
chr13	45	36	34	60	41	22	20	36	48	21	31	28	42	39	43	53
chr14	79	23	36	49	29	21	14	31	44	21	28	32	35	30	47	80
chr14	50	37	26	53	40	22	15	47	31	27	23	27	45	38	44	74
chr14	50	40	27	51	52	46	13	46	24	25	16	27	42	46	35	59
chr14	49	51	29	60	66	38	18	26	26	16	20	30	48	44	25	53
chr14	29	37	56	22	33	25	25	27	48	23	43	79	34	25	68	25
chr14	71	41	39	48	37	22	11	40	51	18	16	29	40	29	48	59
chr14	74	25	45	57	37	18	10	30	48	23	17	33	42	29	49	62
chr14	49	28	36	37	27	36	12	59	27	24	22	31	47	45	35	84
chr14	47	38	39	50	44	26	15	35	44	23	33	36	39	33	49	48
chr14	44	40	31	32	39	42	32	43	39	25	29	35	25	50	36	57
chr14	80	41	34	38	55	27	20	30	24	35	41	38	34	30	42	30
chr14	49	36	38	48	44	25	22	33	34	29	19	45	44	34	49	50
chr14	65	42	49	50	41	18	21	27	47	19	24	37	53	28	33	45
chr14	48	41	48	39	58	39	24	17	39	28	43	38	31	31	32	43
chr14	43	25	34	58	38	27	25	30	30	24	24	39	50	43	34	75
chr14	66	26	49	51	42	23	19	17	44	25	36	38	39	27	39	58
chr14	70	50	32	37	50	29	17	36	30	25	23	37	40	27	43	53
chr14	75	46	22	60	61	32	14	21	33	23	30	29	33	28	49	43
chr14	60	39	35	40	48	30	24	41	40	36	30	28	26	38	45	39
chr15	49	40	67	27	48	29	16	27	59	25	29	44	28	25	45	41
chr15	54	34	61	44	22	18	25	32	89	28	38	22	28	16	54	34
chr15	51	28	31	43	35	28	19	48	27	33	33	30	40	41	40	72
chr15	20	26	33	21	25	38	52	38	29	53	55	55	27	35	52	40
chr15	34	28	35	44	36	21	22	46	27	33	37	45	43	44	48	56
chr15	59	38	26	57	52	37	19	41	28	22	20	28	41	53	33	45
chr15	74	27	39	55	33	17	20	32	46	28	33	28	42	29	43	53
chr15	71	32	35	57	37	29	15	35	46	20	24	29	41	35	44	49
chr15	56	42	33	58	43	31	25	38	38	33	22	23	52	30	37	38
chr15	73	42	54	47	43	13	24	26	61	26	26	27	38	25	37	37
chr15	67	41	28	55	36	29	18	32	37	13	24	28	51	32	33	75
chr15	55	39	36	45	38	27	18	38	39	20	20	39	44	35	44	62
chr15	64	35	37	45	52	33	13	36	31	26	24	31	34	40	38	60
chr15	27	22	22	53	29	32	24	51	18	19	19	40	51	63	31	98
chr15	69	47	37	51	62	43	14	32	23	31	29	26	50	31	29	25
chr15	45	35	48	31	43	29	29	36	42	39	38	37	29	33	41	44
chr15	72	36	28	56	41	37	23	41	33	27	18	20	47	41	29	50
chr15	61	22	39	57	30	22	13	34	50	21	35	29	37	34	48	67
chr15	58	32	31	49	30	26	22	46	33	29	25	26	48	37	35	72
chr15	45	36	29	57	35	24	17	39	32	19	15	36	55	36	40	84
chr16	49	26	30	74	36	20	19	37	26	20	8	29	67	46	27	85
chr16	66	51	45	38	39	28	34	31	51	31	34	27	44	23	29	28
chr16	30	20	46	46	28	25	11	23	53	27	57	51	31	15	74	62
chr16	65	34	29	46	35	35	20	47	29	20	13	30	44	48	30	74
chr16	63	27	28	55	48	30	14	32	24	17	15	38	38	51	37	82
chr16	55	27	29	50	40	41	21	29	38	27	32	39	29	36	54	52
chr16	59	42	28	38	39	42	21	41	40	28	29	34	29	30	53	46
chr16	67	26	49	30	32	17	38	27	46	40	43	33	27	31	32	61
chr16	21	23	17	43	17	20	27	54	23	38	45	56	43	37	73	62
chr16	47	25	26	42	27	41	29	46	28	30	35	45	38	47	48	45
chr16	24	26	33	48	32	30	32	33	34	42	44	43	41	30	53	54
chr16	40	31	37	44	34	30	32	27	35	32	39	51	43	30	48	46
chr16	53	28	34	47	45	28	21	28	31	37	36	43	33	29	56	50
chr16	74	32	37	41	36	23	21	34	48	26	34	32	26	33	48	54
chr16	52	41	49	34	41	22	34	35	47	37	49	25	36	32	27	38
chr16	56	42	36	44	50	30	22	46	35	33	24	27	37	42	37	38
chr16	39	28	30	52	38	49	26	35	26	29	31	35	46	42	34	59
chr16	37	33	39	39	42	20	27	42	31	41	28	46	38	37	52	47
chr16	101	26	38	50	31	18	16	33	40	23	24	33	43	31	42	50
chr2	57	29	40	36	31	27	26	39	38	25	33	43	36	42	40	57
chr2	28	35	33	38	47	45	33	41	24	41	25	41	35	46	39	48
chr2	59	27	24	66	29	18	24	31	30	25	23	43	58	31	50	61
chr2	73	33	35	48	29	26	20	42	38	19	29	30	49	38	32	58
chr2	45	43	34	36	40	37	27	36	43	23	43	39	31	36	44	42
chr2	67	34	42	41	47	29	21	32	35	37	31	30	35	29	39	50
chr2	69	35	26	47	41	31	23	36	28	24	36	22	39	41	26	75
chr2	66	34	28	37	40	30	14	38	27	17	34	46	33	40	48	67
chr2	51	49	37	30	52	50	31	56	27	50	17	16	37	40	25	31
chr2	54	35	29	46	41	46	26	32	27	27	31	38	43	37	37	50
chr2	70	24	41	50	40	29	23	29	28	34	30	41	47	34	39	40
chr2	65	31	37	47	40	29	21	40	39	27	28	31	36	43	38	47
chr2	50	30	43	64	42	27	24	27	37	27	27	34	58	36	32	41
chr2	41	30	21	57	38	32	24	42	22	30	18	33	49	43	40	79
chr2	56	33	35	53	43	32	18	37	34	30	28	29	45	35	40	51
chr2	72	43	40	47	56	40	13	35	30	24	11	25	43	38	26	56
chr2	54	38	33	51	30	25	14	51	41	16	18	37	51	41	48	51
chr3	43	35	29	48	38	31	22	44	38	28	25	26	36	41	40	75
chr3	56	33	33	55	28	33	22	38	31	30	30	34	61	25	41	49
chr3	57	33	43	40	36	32	26	37	43	28	30	33	37	38	35	51
chr3	42	48	29	36	44	41	39	32	41	27	43	35	28	40	35	39
chr3	56	28	40	38	35	32	19	35	38	27	33	43	33	34	50	58
chr3	42	29	35	51	42	33	18	37	35	22	25	41	38	46	44	61
chr3	59	45	37	46	59	35	19	34	32	30	26	30	38	36	36	37
chr4	72	30	32	42	32	25	21	45	38	26	16	31	35	42	41	71
chr4	60	34	40	36	36	31	21	34	49	26	33	41	25	31	56	46
chr4	44	33	28	53	33	27	30	27	27	32	20	48	55	25	49	68
chr4	55	39	35	50	44	31	26	37	42	30	26	24	38	37	35	50
chr4	53	41	52	31	48	28	29	27	44	37	31	41	33	25	41	38
chr4	47	47	28	48	45	32	27	40	28	25	23	32	50	39	30	58
chr4	45	31	38	47	35	41	24	35	32	31	21	41	49	31	42	56
chr4	80	37	61	31	48	9	37	21	49	51	34	29	32	18	31	31
chr4	62	31	28	64	45	41	23	27	33	21	19	26	45	43	30	61
chr4	48	32	33	44	39	23	12	45	32	23	22	43	37	41	53	72
chr4	54	34	31	60	39	23	17	35	35	21	14	27	51	36	36	86
chr4	47	33	27	52	39	33	17	55	24	23	17	25	48	55	28	76
chr4	57	42	30	57	53	34	21	40	22	29	18	30	54	43	31	38
chr4	68	34	31	48	30	25	20	51	48	22	19	21	36	45	39	62
chr4	50	34	28	57	41	22	19	36	33	20	30	30	44	42	36	77
chr4	52	32	40	41	34	25	21	47	36	30	24	33	43	40	38	63
chr4	70	46	54	41	48	35	22	26	59	23	34	22	33	27	29	30
chr4	41	42	37	35	43	43	17	53	39	22	27	24	32	50	30	64
chr4	68	41	32	46	41	25	18	49	36	28	17	26	42	38	40	52
chr4	76	34	46	56	33	21	19	24	64	16	27	23	40	25	38	57
chr4	70	26	44	53	34	25	14	27	52	23	21	36	36	27	53	58
chr4	75	32	36	38	38	25	34	27	40	37	39	35	29	30	42	42
chr4	51	26	46	47	31	16	22	34	45	37	36	36	42	24	50	56
chr4	53	33	33	34	40	28	27	50	30	40	32	30	31	44	39	55
chr4	74	33	44	64	48	30	8	27	37	20	19	26	56	30	32	51
chr4	42	38	30	40	41	43	25	47	25	34	31	33	42	41	37	50
chr4	73	56	42	34	45	40	34	36	51	32	24	14	36	27	21	34
chr4	61	29	36	48	33	37	18	43	29	29	15	34	51	35	39	62
chr4	58	34	40	57	46	29	22	24	33	29	21	30	51	29	31	65
chr4	32	28	22	67	29	28	24	43	27	29	29	40	61	39	50	51
chr4	36	37	40	41	42	32	35	37	42	38	28	42	34	38	47	30
chr4	47	34	36	45	43	40	25	43	42	35	20	36	30	42	52	29
chr4	43	32	33	48	42	28	17	42	34	16	24	44	37	52	45	62
chr4	32	40	42	46	51	35	30	27	48	24	38	34	29	44	35	44
chr5	56	34	36	52	34	21	19	31	50	21	30	34	37	29	51	64
chr5	37	47	31	25	44	38	37	30	37	32	40	43	23	32	43	60
chr5	33	22	32	35	32	48	25	47	28	36	31	35	29	47	42	77
chr5	46	31	49	34	43	27	28	25	40	28	36	60	32	37	51	32
chr5	63	20	55	31	30	20	34	25	42	43	42	47	34	26	42	45
chr5	54	52	32	36	53	32	24	34	30	25	28	40	36	34	39	50
chr5	43	31	23	43	38	46	21	53	25	30	23	27	34	52	38	72
chr5	64	31	44	55	46	26	18	30	35	25	19	33	49	38	32	54
chr5	56	34	34	44	28	28	26	37	48	26	21	32	36	31	46	72
chr5	34	41	34	40	49	35	23	40	22	25	25	44	43	47	34	63
chr5	57	39	29	60	61	38	19	32	27	31	13	27	40	43	37	46
chr5	48	35	31	58	38	32	21	41	35	24	17	29	51	41	36	62
chr5	47	50	48	35	60	35	22	33	36	27	35	33	37	37	26	38
chr5	61	35	33	57	40	27	14	29	39	18	31	30	47	29	40	69
chr5	62	24	34	50	26	36	20	47	35	24	33	30	47	45	34	52
chr5	45	30	46	39	29	17	25	34	53	21	37	41	34	37	43	68
chr5	42	34	33	51	33	27	30	38	31	32	27	35	54	36	34	62
chr5	54	27	20	65	47	31	21	45	22	19	13	28	43	67	29	68
chr5	62	34	47	49	38	20	21	30	39	31	27	34	54	24	35	54
chr6	58	23	35	40	27	27	23	32	30	24	36	50	40	35	46	73
chr6	54	30	31	71	33	13	24	27	35	16	19	45	65	38	41	57
chr6	60	35	37	42	29	18	28	28	52	25	37	42	33	24	55	54
chr6	43	33	29	52	42	30	33	41	39	20	26	38	33	63	35	42
chr7	24	30	25	47	36	35	28	45	32	40	35	40	33	39	59	51
chr7	57	37	43	39	41	25	33	25	46	38	42	41	31	25	49	27
chr7	76	42	41	45	48	21	16	34	42	17	21	24	38	39	26	69
chr7	30	26	31	28	32	25	20	43	36	39	46	53	17	29	78	66
chr7	65	47	32	54	54	40	25	29	37	29	18	22	42	33	30	42
chr7	65	45	48	36	39	37	37	24	50	35	29	34	41	20	33	26
chr7	25	47	19	48	39	34	23	49	35	19	29	33	40	45	45	69
chr7	68	23	40	54	31	27	20	30	38	29	32	33	49	29	40	56
chr7	68	53	40	33	45	23	35	35	44	32	37	32	37	29	33	23
chr7	69	34	36	47	31	19	9	47	37	21	16	32	49	32	45	75
chr7	70	24	37	65	39	26	15	30	38	25	34	30	50	34	41	41
chr7	72	39	46	46	42	24	12	41	50	25	31	26	40	31	42	32
chr7	79	26	41	56	30	42	15	37	44	23	14	24	50	33	34	51
chr7	60	38	39	41	51	24	27	27	33	35	26	37	35	32	39	55
chr7	86	28	37	44	34	28	29	23	42	34	44	28	33	25	38	46
chr7	49	31	27	64	33	17	13	38	31	19	17	29	57	34	39	101
chr7	48	27	35	37	30	26	30	45	32	41	34	37	37	37	45	58
chr7	29	30	33	48	43	28	28	34	31	38	32	42	37	38	49	59
chr7	74	25	36	57	37	26	23	31	32	29	18	28	48	37	30	68
chr7	38	31	25	46	48	56	21	45	25	37	24	31	29	46	46	51
chr7	62	31	53	39	41	34	21	35	39	41	28	32	42	25	38	38
chr7	93	30	30	49	33	38	24	34	28	29	29	22	47	32	26	55
chr7	31	24	32	37	26	24	21	42	32	28	52	54	36	37	61	62
chr7	55	44	35	41	55	27	18	36	33	14	26	45	32	51	38	49
chr7	70	44	46	42	56	45	20	28	28	34	16	32	47	26	28	37
chr7	64	34	39	49	53	29	14	37	22	28	25	36	46	43	33	47
chr7	56	34	31	51	26	23	26	39	29	21	17	35	60	36	29	86
chr7	68	21	37	52	31	18	22	26	34	24	31	39	45	35	38	78
chr8	50	37	32	40	51	47	30	30	34	38	38	31	24	36	41	40
chr8	38	33	47	39	47	31	21	34	41	42	30	37	31	27	51	50
chr8	31	23	28	48	30	30	19	51	33	40	28	36	36	36	62	68
chr8	33	27	20	62	41	39	29	41	28	25	29	36	39	59	41	50
chr8	61	23	37	61	31	23	14	33	34	25	36	29	56	30	37	69
chr8	51	37	42	40	41	31	25	44	36	39	23	28	42	33	36	51
chr8	41	40	27	55	45	32	25	43	33	27	16	33	44	46	41	51
chr8	69	32	40	40	33	17	26	25	42	33	51	44	37	19	53	38
chr8	45	36	22	57	40	30	23	36	29	21	19	40	45	42	45	69
chr9	13	33	47	19	35	28	43	40	50	46	57	46	14	40	51	37
chr9	45	28	31	59	36	31	19	38	35	19	26	31	48	45	35	73
chr9	63	44	42	41	49	33	27	33	44	34	21	32	34	31	40	31
chr9	38	21	37	44	26	27	29	30	47	28	49	48	29	36	58	52
chr9	61	31	36	54	45	35	15	36	31	25	23	36	45	40	40	46
chr9	70	30	44	50	39	18	11	38	32	20	22	37	53	39	34	62
chr9	30	29	34	37	34	36	25	53	26	40	27	41	40	43	49	55
chr9	64	40	36	58	43	26	12	35	39	18	26	23	52	33	32	62
chr9	38	29	48	38	47	27	20	39	40	33	56	33	28	44	37	42
