Chromosome	AAA	AAC	AAG	AAT	ACA	ACC	ACG	ACT	AGA	AGC	AGG	AGT	ATA	ATC	ATG	ATT	CAA	CAC	CAG	CAT	CCA	CCC	CCG	CCT	CGA	CGC	CGG	CGT	CTA	CTC	CTG	CTT	GAA	GAC	GAG	GAT	GCA	GCC	GCG	GCT	GGA	GGC	GGG	GGT	GTA	GTC	GTG	GTT	TAA	TAC	TAG	TAT	TCA	TCC	TCG	TCT	TGA	TGC	TGG	TGT	TTA	TTC	TTG	TTT
chr1	19	11	14	12	13	2	11	8	18	11	6	8	16	12	8	11	13	5	7	12	4	4	5	10	9	3	9	6	8	9	5	14	14	9	17	13	7	9	3	5	8	7	8	4	3	6	8	9	10	9	5	10	13	8	8	13	18	3	5	8	7	15	13	20
chr1	19	6	11	12	8	6	15	5	9	6	13	7	8	12	5	12	7	9	8	10	8	9	13	9	10	8	10	13	8	5	6	8	14	11	8	5	10	10	3	6	12	9	8	12	12	13	11	7	8	8	8	11	7	14	10	7	7	6	10	11	7	8	12	18
chr1	28	17	12	23	16	8	8	8	12	5	3	5	9	13	9	11	16	9	5	5	6	8	7	8	8	6	0	5	7	7	6	24	24	4	4	6	5	5	2	8	6	2	3	2	4	1	6	9	12	10	4	8	8	8	2	20	12	6	7	8	14	18	12	44
chr1	9	7	14	13	11	6	3	10	10	8	8	13	15	15	18	14	9	13	7	18	5	5	4	6	7	4	5	2	6	8	7	11	17	5	8	14	12	4	3	5	9	4	7	8	8	4	12	9	8	5	10	17	19	4	8	11	18	8	9	10	11	15	8	17
chr1	5	13	4	3	15	11	20	11	11	7	3	8	3	11	8	3	12	25	14	8	17	12	11	7	11	22	16	11	7	12	10	6	8	13	9	6	16	14	15	9	10	14	3	7	6	8	9	7	0	6	2	8	11	10	14	8	3	11	12	5	0	12	4	1
chr1	8	8	12	5	8	13	12	10	10	7	10	6	2	11	7	1	19	12	13	12	20	5	9	11	6	18	14	9	4	18	13	11	5	14	8	2	12	16	7	16	11	12	6	9	6	13	8	7	1	9	0	2	15	11	19	9	2	14	9	10	0	12	7	2
chr10	39	11	13	22	12	7	7	12	17	6	4	10	21	5	8	18	12	11	3	8	9	5	3	9	4	6	2	5	8	5	10	12	14	5	9	8	8	10	3	6	1	7	3	6	11	2	9	6	20	11	12	14	5	5	4	8	14	8	8	6	17	10	9	15
chr10	30	16	15	20	11	7	4	8	13	6	7	12	18	8	13	18	18	3	5	8	7	0	3	6	6	5	4	5	8	7	10	8	14	4	8	8	6	3	4	8	7	5	4	7	12	5	3	11	19	7	10	20	10	6	9	11	8	5	9	7	18	16	3	22
chr10	16	10	12	9	8	1	13	7	10	7	16	15	9	6	15	7	7	9	10	6	3	2	6	4	15	6	7	9	6	7	6	6	16	7	18	12	16	5	9	5	19	9	11	10	11	10	14	12	9	3	8	10	5	7	9	9	9	13	15	13	4	6	15	9
chr10	26	17	14	14	10	5	11	11	17	3	14	5	14	3	13	16	14	4	7	13	10	2	4	4	5	6	4	6	9	7	3	12	20	8	9	7	10	7	1	6	9	8	4	12	8	5	3	15	11	8	9	12	8	6	5	10	13	7	11	9	9	13	21	11
chr10	28	2	16	17	5	4	7	3	17	11	6	5	14	10	17	14	11	3	3	7	4	6	4	11	7	4	5	6	7	7	6	16	15	7	9	14	7	8	6	11	13	7	9	3	11	1	5	7	10	7	11	17	8	7	5	11	8	10	12	10	13	13	11	29
chr10	21	7	10	14	7	14	3	14	8	5	0	7	11	12	9	10	9	13	4	13	12	10	3	12	4	3	2	5	12	13	11	24	8	6	3	7	5	2	1	13	3	4	2	3	7	8	7	10	14	12	4	8	15	11	7	21	9	9	8	17	8	20	16	28
chr10	26	6	15	20	9	10	2	14	11	11	4	4	12	12	8	11	21	8	6	7	16	2	8	12	4	7	3	2	17	13	11	14	8	5	5	8	3	12	2	16	3	3	0	15	4	10	6	5	12	16	4	8	14	14	4	13	8	12	14	4	7	11	13	13
chr10	15	14	17	9	12	6	12	9	13	8	8	7	14	8	9	11	12	11	5	18	7	4	11	6	6	9	11	11	5	7	8	9	20	3	7	8	12	8	5	9	9	11	7	6	7	10	8	10	7	11	7	7	16	10	9	5	10	6	7	11	6	15	9	10
chr10	18	9	6	12	12	8	8	8	8	2	7	5	6	13	12	11	5	14	3	14	9	16	4	6	4	3	12	7	6	9	7	17	12	6	7	7	4	4	10	11	7	12	5	8	5	5	12	10	10	6	6	9	11	7	4	15	13	12	8	12	14	10	14	41
chr10	9	12	18	6	12	16	12	9	17	7	11	5	8	13	6	4	7	19	9	13	16	8	13	9	8	10	7	11	10	14	11	7	18	10	8	8	6	8	7	13	16	7	4	6	7	8	7	5	11	9	5	4	14	14	4	11	3	10	11	5	4	8	4	6
chr10	5	2	11	5	5	2	2	17	15	8	29	8	6	4	10	8	3	5	12	8	1	0	2	4	1	2	4	5	1	4	26	7	14	4	31	9	14	3	5	13	24	8	12	30	15	2	30	10	1	14	6	6	8	2	3	4	18	17	29	14	5	7	12	6
chr10	15	14	4	17	14	12	1	8	5	4	6	9	10	13	12	18	13	10	9	13	9	8	4	11	6	1	3	8	5	6	4	19	9	6	4	11	6	4	4	2	6	7	3	7	10	7	8	10	14	5	7	12	16	8	9	13	13	4	11	11	12	20	15	33
chr10	12	18	10	10	7	17	14	7	6	13	3	12	8	7	4	4	20	4	7	5	9	7	4	11	9	3	4	10	4	6	11	25	12	13	7	5	11	3	4	14	9	10	4	8	9	4	9	15	6	9	10	3	9	4	4	14	13	6	20	8	7	14	23	20
chr10	26	5	11	18	19	6	5	8	11	7	8	4	20	9	16	13	13	13	9	10	7	2	8	5	8	3	5	7	10	5	5	11	10	11	4	11	10	7	7	4	6	10	4	7	7	3	12	7	10	9	6	19	9	7	3	14	11	8	11	11	7	16	8	22
chr10	25	14	15	10	13	13	10	5	5	9	9	11	20	8	10	6	16	11	9	11	10	10	10	8	5	7	7	10	10	4	4	9	9	3	3	5	17	6	6	5	5	7	4	12	13	8	9	12	13	13	7	18	7	9	3	9	6	11	8	9	8	8	11	10
chr10	20	10	8	17	7	15	3	11	6	8	6	14	19	8	17	8	13	9	7	11	16	13	6	10	6	2	4	6	9	10	11	11	7	5	5	10	7	9	2	7	5	5	3	5	15	7	6	10	15	12	14	14	10	8	7	13	10	10	5	12	12	13	3	11
chr10	21	10	10	16	12	3	5	10	9	1	8	5	11	9	13	19	12	9	3	10	8	6	2	8	8	5	3	5	7	16	5	14	15	6	5	9	4	4	4	6	9	4	9	9	7	7	5	15	9	5	5	17	10	11	10	18	9	8	11	15	11	17	20	21
chr10	11	10	8	11	8	8	3	9	8	9	7	9	11	10	11	16	10	7	10	13	11	12	7	6	8	10	6	5	5	2	11	17	8	2	10	10	13	10	10	9	5	7	9	7	5	10	9	8	11	9	5	13	8	6	9	11	9	16	6	11	18	12	11	22
chr10	4	7	4	5	7	6	6	11	7	13	6	5	7	9	12	6	5	8	13	9	9	9	6	14	7	5	4	11	6	10	19	18	7	9	10	9	11	14	6	9	11	8	4	10	9	10	14	9	4	6	5	11	8	9	9	19	10	14	19	16	4	16	13	17
chr10	23	17	7	21	15	11	8	8	9	4	6	5	20	5	8	17	15	8	6	13	9	14	4	15	3	6	2	5	8	9	8	16	16	2	4	4	6	11	2	5	7	5	7	5	7	3	4	7	14	15	7	12	12	7	2	13	6	9	9	6	13	17	10	26
chr10	7	13	13	9	14	13	4	8	10	9	7	9	7	12	8	12	22	7	12	13	13	3	4	7	8	0	5	6	1	2	8	30	10	6	3	13	9	8	1	9	5	10	5	11	12	10	6	7	3	12	7	4	18	3	10	17	9	8	14	9	6	24	18	15
chr10	33	17	19	18	12	6	8	7	10	9	11	12	13	7	12	10	21	5	11	10	14	3	2	7	6	4	1	3	2	5	5	20	18	6	8	6	10	5	0	10	10	6	5	5	9	6	4	8	14	5	4	8	11	12	4	8	12	6	9	7	7	18	13	21
chr11	31	17	13	23	16	16	6	7	10	7	15	5	7	7	17	13	25	15	17	6	34	15	2	11	2	3	3	2	10	10	2	3	11	4	4	8	9	11	2	2	9	4	6	10	10	2	3	7	17	9	3	7	4	20	1	5	6	10	4	5	9	11	3	12
chr11	14	6	5	12	11	7	10	4	6	11	7	9	12	12	9	8	8	11	12	12	14	7	13	4	11	12	13	13	3	3	10	8	9	7	9	14	8	14	17	7	11	10	11	7	9	11	11	7	6	8	7	3	10	10	9	9	12	13	8	9	0	11	12	12
chr11	33	11	13	17	11	3	9	10	12	9	9	10	12	15	11	11	16	6	9	7	8	7	5	8	7	3	6	6	10	4	6	8	14	8	7	16	6	5	4	1	13	1	4	7	9	6	6	11	11	8	10	9	13	13	4	9	13	3	6	9	7	15	8	30
chr11	35	10	12	20	12	3	2	9	12	10	5	13	13	10	4	19	14	4	11	10	8	5	7	3	6	4	5	7	7	3	7	10	11	4	13	7	8	7	6	6	4	4	2	7	8	10	12	10	16	8	4	9	11	8	8	9	13	9	5	13	9	13	17	27
chr12	19	5	10	5	6	9	4	7	10	11	6	8	6	7	7	15	8	7	8	13	10	9	8	12	5	9	9	10	9	9	8	12	8	6	9	6	10	13	9	8	8	10	7	11	9	10	12	11	4	8	8	11	10	8	11	11	6	10	14	13	8	14	16	18
chr12	21	10	15	17	10	10	6	10	11	4	13	8	13	5	11	13	10	10	4	8	7	6	6	9	6	7	4	5	8	4	6	16	17	5	9	9	6	4	6	9	13	7	6	6	9	4	6	10	15	12	8	8	9	8	4	6	10	6	9	10	13	14	12	35
chr12	13	5	15	8	4	9	11	10	9	9	14	17	10	4	4	6	7	11	5	4	13	10	4	4	7	4	9	13	2	8	8	12	14	10	13	6	8	9	9	6	19	9	8	15	18	8	15	13	7	8	16	6	3	3	9	10	8	10	20	9	6	5	20	9
chr12	21	9	13	13	5	8	4	9	16	7	4	12	12	14	8	15	10	8	7	12	8	7	7	11	1	6	1	11	5	7	4	16	10	3	9	7	8	9	3	5	5	4	1	5	14	5	4	16	15	6	10	17	16	8	5	7	7	8	9	11	17	11	19	33
chr12	10	12	4	18	14	7	3	10	13	8	4	5	18	16	9	21	9	8	9	15	8	4	4	9	7	1	1	4	8	7	13	13	14	4	5	12	6	7	2	7	5	3	5	6	7	4	8	8	10	10	12	19	13	7	5	15	10	10	9	12	18	13	11	29
chr12	10	8	10	4	6	11	9	12	11	3	8	17	9	2	12	11	4	9	8	6	8	4	11	5	3	4	10	11	9	4	8	11	10	7	10	14	9	7	3	9	8	10	2	15	16	10	21	15	8	14	11	10	4	6	5	6	19	11	15	19	9	5	23	9
chr12	16	5	15	15	5	5	11	9	15	7	11	12	20	8	10	14	4	9	7	10	9	1	1	4	8	5	3	8	9	7	5	11	14	8	10	10	8	6	5	6	5	6	8	12	9	6	7	14	17	8	14	17	8	3	6	13	14	7	9	4	18	9	12	26
chr12	13	16	21	5	13	21	7	3	17	9	1	13	6	7	5	7	21	4	6	8	12	3	10	10	4	0	8	16	2	6	3	23	13	9	10	9	5	4	2	5	9	7	9	15	15	9	10	11	8	15	3	2	9	7	9	17	11	0	22	1	5	20	16	11
chr12	23	14	11	12	18	14	11	10	10	6	7	8	15	8	8	19	12	20	5	14	14	6	5	8	8	5	4	7	11	4	5	10	16	6	5	7	9	4	5	3	12	2	4	3	8	7	3	6	9	13	10	17	10	9	3	10	4	8	6	6	15	13	7	26
chr13	21	18	9	18	15	17	6	9	12	8	5	9	8	16	8	8	23	7	13	10	13	3	7	5	7	4	4	13	5	4	2	17	10	12	5	8	9	2	7	4	8	7	1	6	13	8	5	14	12	10	8	4	16	5	8	10	8	3	12	12	8	11	20	8
chr13	15	19	9	10	15	14	7	15	6	8	10	5	5	9	7	9	25	14	10	10	22	17	5	9	7	11	8	4	7	10	9	18	10	10	4	6	13	12	7	5	11	6	3	7	0	9	5	7	4	8	6	4	9	10	11	15	6	12	6	5	10	17	8	3
chr13	17	15	5	14	14	17	5	9	11	8	3	14	8	14	9	9	14	11	16	15	22	4	0	8	5	0	4	4	7	8	8	19	9	10	5	6	9	4	5	7	6	3	2	2	7	7	3	15	11	9	10	5	12	9	3	18	7	14	4	12	13	13	17	24
chr13	29	18	7	24	15	5	6	8	7	8	5	7	23	8	12	15	12	6	8	13	8	8	5	9	4	8	5	5	5	11	5	12	15	4	5	4	9	6	4	4	10	5	4	3	11	5	4	9	22	6	7	16	7	11	7	13	7	2	8	14	12	14	10	19
chr13	20	7	19	12	11	9	3	11	18	9	9	17	13	7	10	14	6	11	12	12	18	3	6	4	2	4	6	2	7	6	7	4	20	7	9	9	7	8	1	5	9	4	2	14	14	4	13	12	12	9	13	11	5	11	4	4	16	4	12	10	11	6	12	21
chr13	30	10	15	16	11	8	5	9	12	11	7	9	18	6	12	16	14	7	6	11	7	11	5	9	6	5	3	7	10	11	8	5	12	4	7	9	13	8	2	3	6	4	3	11	15	9	9	4	15	12	11	16	7	5	9	13	8	6	11	11	11	7	7	10
chr13	31	18	10	18	11	8	13	13	10	5	5	5	8	9	18	13	18	8	6	13	8	2	4	9	8	4	4	5	12	2	14	9	17	3	5	10	12	7	2	5	5	9	0	10	7	5	5	12	11	16	4	7	14	6	2	10	12	8	15	9	11	15	8	15
chr13	18	16	9	12	11	8	13	17	6	6	4	5	18	6	9	11	14	12	4	7	11	6	4	7	7	10	4	7	17	10	13	19	10	8	2	3	3	9	6	17	5	5	5	4	6	6	3	8	13	12	6	22	12	5	5	18	5	14	6	7	12	18	8	14
chr13	23	21	15	10	23	11	6	4	17	6	10	3	13	12	12	10	24	11	13	9	9	5	6	13	7	9	4	4	10	8	5	10	11	5	7	12	11	7	5	8	4	7	1	8	6	3	5	7	11	7	2	16	14	10	7	8	7	9	5	6	7	16	5	18
chr13	26	8	20	11	11	3	0	10	10	15	9	14	14	5	8	17	13	5	8	7	7	11	4	8	8	0	4	4	11	6	7	11	12	4	14	6	10	6	6	6	9	4	4	10	15	4	8	9	14	7	6	20	5	10	6	11	9	9	10	8	7	17	13	24
chr13	15	8	11	8	11	6	12	4	12	4	11	6	11	5	16	12	9	9	5	6	9	4	13	2	5	5	12	12	5	9	8	11	13	6	9	11	6	8	5	11	12	14	2	8	15	5	7	13	5	10	8	19	3	10	4	16	10	7	11	14	11	14	12	23
chr13	20	8	13	14	12	8	6	17	9	12	3	9	14	9	14	15	13	11	9	8	8	3	2	7	8	5	3	5	18	8	6	13	11	8	6	11	8	7	6	9	3	4	5	2	7	7	5	7	11	16	5	19	13	2	7	11	16	9	4	10	12	9	14	24
chr13	12	13	9	13	12	6	9	10	6	7	10	10	13	12	13	15	8	12	10	16	8	2	4	7	8	10	5	10	10	7	5	11	15	3	8	6	13	4	7	7	11	8	4	0	6	10	5	10	12	9	5	18	13	9	13	9	7	6	4	12	15	15	6	25
chr13	16	9	16	17	7	5	3	6	10	10	9	6	11	10	7	10	11	3	6	7	6	11	13	8	5	10	14	8	8	8	8	17	15	6	7	4	8	6	13	15	7	12	4	7	10	8	5	6	16	3	6	10	6	16	8	12	10	10	4	8	5	16	12	28
chr13	16	12	16	9	14	9	5	5	16	7	14	15	19	8	13	10	9	5	13	13	6	3	8	5	4	7	7	2	7	2	4	12	14	8	14	10	9	7	3	4	16	4	5	4	8	9	6	13	14	8	9	18	10	4	4	11	10	5	3	15	15	10	10	23
chr13	36	15	9	10	22	12	7	9	10	11	9	7	9	9	9	8	17	19	13	6	8	5	15	4	9	13	7	6	6	4	10	7	11	6	11	11	15	8	8	7	13	6	8	2	6	10	3	6	6	10	4	8	10	7	5	7	7	8	5	10	7	7	8	17
chr13	11	7	5	19	7	2	4	10	9	6	1	9	10	19	7	22	7	3	6	14	7	5	2	7	6	6	5	10	9	8	6	21	15	4	7	10	4	4	6	12	7	6	4	3	7	9	6	11	9	9	7	15	12	10	15	15	14	8	10	11	14	17	23	24
chr13	11	7	14	15	7	2	7	3	12	14	12	8	18	5	16	9	16	4	8	5	4	2	0	4	6	5	10	5	3	3	8	10	11	3	16	10	17	3	15	11	16	13	8	15	10	4	17	11	9	5	8	18	5	3	3	7	6	14	22	14	9	6	15	21
chr13	18	11	12	18	10	6	9	6	7	14	6	6	18	13	11	9	15	14	8	8	11	3	5	9	8	4	6	2	8	7	11	12	12	3	9	8	12	9	1	12	7	10	4	8	8	5	11	5	14	3	4	17	12	10	5	11	10	5	13	13	5	13	8	26
chr13	15	9	15	17	7	6	3	10	9	9	6	7	12	9	17	11	14	8	5	8	14	8	4	12	4	3	2	5	14	8	8	13	15	2	1	10	2	14	3	10	6	8	9	9	5	6	9	15	11	7	10	14	12	10	4	11	9	9	15	14	11	14	14	17
chr13	21	10	18	10	11	6	3	6	13	10	8	16	14	6	8	18	10	3	10	13	5	5	1	11	3	2	6	6	9	7	9	8	15	4	6	12	9	5	4	11	10	9	7	5	8	5	8	15	13	9	13	11	11	6	9	5	11	8	10	9	15	13	13	23
chr13	28	11	15	13	8	7	6	14	22	4	5	10	11	9	16	20	7	3	13	6	7	1	3	7	8	5	2	2	11	6	9	13	16	9	6	22	7	6	3	8	9	4	3	10	8	3	5	8	16	12	7	15	7	4	5	9	14	11	16	3	20	7	14	9
chr13	13	5	16	18	19	9	7	4	13	6	10	16	14	8	16	10	13	12	8	13	5	6	5	10	5	7	5	5	11	5	5	12	13	7	12	9	9	5	7	8	15	6	4	4	10	7	9	8	13	15	9	8	12	6	3	11	8	11	10	9	10	12	8	9
chr13	32	20	16	21	16	15	6	8	16	12	7	9	8	8	18	6	29	7	13	11	15	5	6	1	6	2	4	6	4	0	5	9	16	9	5	5	18	2	4	3	6	8	3	11	14	8	8	8	12	9	10	3	11	5	3	6	6	5	14	12	8	9	6	10
chr13	14	10	6	14	13	4	5	14	11	3	14	6	17	12	13	18	10	5	6	20	1	6	6	9	9	3	1	7	9	6	12	9	15	8	16	9	9	5	2	5	10	7	7	7	6	5	6	11	6	13	6	17	18	7	6	8	18	8	9	8	10	16	12	15
chr14	32	7	23	17	7	5	4	7	13	8	7	8	9	5	18	17	13	3	3	10	7	4	3	7	6	1	2	5	5	2	6	17	23	3	8	10	8	5	2	6	13	2	5	8	4	7	7	14	11	10	2	12	7	7	5	11	12	10	14	11	17	16	16	31
chr14	15	10	9	16	11	8	4	14	9	6	5	6	13	12	12	15	11	8	7	14	9	2	2	9	3	5	4	3	11	8	13	15	14	6	4	7	8	2	8	9	9	5	4	5	5	3	9	10	10	13	6	16	12	10	1	15	10	11	10	13	16	15	10	33
chr14	16	9	5	20	8	14	5	13	8	5	3	11	15	12	10	13	15	13	9	15	22	9	3	12	1	7	3	2	8	13	8	17	7	5	5	7	9	6	2	8	4	4	4	4	10	3	4	10	12	13	8	9	13	17	3	13	10	9	6	10	9	18	13	19
chr14	13	14	11	11	22	17	7	5	9	7	6	7	20	14	7	19	17	20	7	22	17	6	5	10	4	3	3	8	4	9	5	8	8	8	2	8	10	4	1	1	9	2	3	6	11	8	3	8	11	9	9	19	17	11	5	10	4	4	8	9	12	13	10	18
chr14	3	10	9	7	14	8	8	7	14	10	12	20	8	2	11	1	5	6	18	4	6	8	4	7	7	2	5	11	4	3	16	3	13	13	13	9	9	4	6	4	10	6	4	23	19	16	28	16	8	8	16	2	4	5	7	9	17	5	22	24	3	4	13	5
chr14	24	11	16	20	12	9	8	12	17	9	5	8	7	5	12	24	15	6	7	9	12	5	1	4	5	2	1	3	14	4	13	9	21	10	9	11	4	3	0	11	6	2	1	7	6	5	6	12	11	14	7	8	8	5	2	13	23	5	9	11	13	15	17	14
chr14	20	8	26	20	11	5	3	6	17	9	4	15	10	9	19	19	14	8	7	8	9	4	2	3	4	1	3	2	5	5	8	12	23	3	5	17	5	3	3	12	5	0	1	11	11	3	9	10	17	5	7	12	12	6	2	9	22	13	9	5	16	12	13	21
chr14	13	12	8	16	4	11	3	10	13	12	2	8	6	9	10	12	14	3	3	7	11	7	3	15	1	4	3	4	11	14	9	25	11	6	6	4	4	8	3	9	5	3	5	9	11	3	7	10	11	7	19	10	7	10	3	25	8	5	12	10	19	19	9	37
chr14	10	9	18	10	15	6	5	12	19	6	7	7	9	8	14	19	12	10	7	15	10	9	1	5	4	1	4	6	10	5	11	9	14	6	10	14	9	5	2	7	6	8	5	14	9	8	8	11	11	13	4	11	9	6	7	11	15	8	17	9	11	12	16	9
chr14	15	11	11	7	7	14	12	7	15	2	5	9	4	6	11	11	12	11	5	11	11	8	11	12	10	6	7	9	4	12	9	18	11	10	7	11	6	11	2	5	4	9	9	7	6	19	4	6	6	8	8	3	15	9	7	19	10	8	8	10	11	13	12	21
chr14	22	25	17	16	17	8	7	9	9	8	10	7	15	6	6	11	33	7	7	8	14	4	6	3	3	3	9	5	8	6	8	8	7	5	7	5	12	7	5	10	6	13	5	17	6	9	19	4	18	4	3	9	12	8	2	8	6	11	17	8	5	9	9	7
chr14	17	12	11	9	17	11	5	3	11	9	8	9	14	5	14	15	13	10	9	12	9	4	4	8	8	3	3	8	5	7	11	10	10	6	8	10	7	4	8	10	3	4	1	11	11	11	14	9	9	8	10	17	11	6	5	12	12	13	7	17	14	11	10	15
chr14	26	12	13	13	18	5	8	11	18	6	10	15	19	8	10	13	8	9	11	13	5	2	3	8	5	3	2	11	7	8	4	8	16	5	16	10	8	6	2	3	9	7	5	3	15	6	7	9	15	15	9	14	10	5	8	5	15	3	7	8	12	6	12	15
chr14	11	9	18	10	15	18	4	4	13	11	10	14	12	9	8	10	13	13	16	16	18	6	9	6	9	1	9	5	1	5	3	8	13	12	8	6	12	9	3	4	9	8	11	15	10	8	8	12	11	7	6	7	13	6	8	3	7	8	13	4	8	9	13	13
chr14	9	8	8	18	8	3	6	8	5	8	8	13	15	9	9	25	15	3	11	9	5	9	7	6	7	2	9	7	8	5	4	13	7	6	6	11	6	6	5	7	7	7	3	7	11	8	9	11	12	8	9	20	18	9	7	9	11	7	4	12	16	21	12	26
chr14	23	7	15	21	11	7	5	3	13	10	13	13	19	9	11	11	12	8	15	7	8	5	6	4	6	4	6	3	3	2	6	6	19	6	10	9	9	6	7	3	15	2	8	11	3	5	10	20	12	5	9	13	14	5	1	7	10	9	9	11	14	11	12	21
chr14	29	18	13	9	20	6	8	16	10	3	9	10	7	6	10	14	19	13	8	10	14	6	3	6	5	4	4	4	6	7	12	11	12	4	5	9	6	11	3	5	6	8	3	6	8	9	7	13	10	15	6	9	10	5	3	9	9	10	7	17	19	5	14	15
chr14	12	28	10	25	24	8	5	9	8	4	5	5	14	9	26	11	35	3	7	16	16	5	4	6	3	2	4	5	4	4	4	9	14	6	3	10	7	10	3	3	5	6	8	11	5	6	6	12	14	9	2	8	14	9	2	3	17	11	13	8	10	9	13	11
chr14	20	9	14	16	14	11	6	8	12	11	4	8	7	11	10	12	13	11	14	10	10	4	5	11	7	9	2	6	6	11	15	9	21	10	2	7	12	6	6	12	10	6	8	6	3	10	4	11	6	8	5	7	12	9	7	10	11	10	16	8	10	6	16	7
chr15	13	12	17	7	9	16	6	9	30	10	11	16	8	6	5	8	10	12	20	5	18	3	1	7	4	2	5	5	1	6	12	8	20	9	19	11	11	7	3	4	12	5	3	9	14	3	10	17	6	7	11	4	10	2	6	7	13	8	10	14	5	10	18	8
chr15	12	14	17	11	3	7	7	17	25	16	10	10	11	4	22	7	9	1	9	3	5	2	6	5	12	0	11	1	4	7	12	9	23	13	30	23	6	7	8	7	20	9	3	6	6	1	7	8	10	6	5	7	8	1	4	3	32	3	14	5	7	4	13	10
chr15	19	10	10	12	8	6	6	8	10	7	8	6	11	8	12	12	12	8	5	10	7	8	6	7	2	3	6	7	6	10	11	21	8	1	12	6	10	7	3	13	10	10	8	5	7	7	4	12	12	9	4	15	10	7	4	20	5	13	11	11	16	16	13	27
chr15	6	5	3	6	7	5	11	3	6	11	6	10	3	4	6	8	4	9	9	2	4	13	12	9	12	9	20	11	6	12	10	10	5	6	12	6	9	13	17	14	6	14	16	19	9	8	26	12	5	6	9	7	4	7	12	12	5	19	13	15	9	11	10	10
chr15	8	3	12	11	11	6	5	6	5	8	9	13	15	7	10	12	9	10	8	9	7	4	4	6	5	6	2	9	6	16	12	12	7	3	10	7	11	6	4	11	8	9	12	8	11	6	12	16	10	12	5	16	7	5	9	23	9	10	14	15	11	15	14	16
chr15	13	16	10	20	11	10	8	8	7	7	6	6	17	17	13	10	23	9	7	13	14	8	6	9	4	5	4	6	5	10	9	17	14	4	3	7	10	2	2	8	7	6	1	6	9	7	5	7	9	9	6	17	17	17	3	16	10	4	9	10	10	18	6	11
chr15	33	9	16	16	10	6	7	4	12	8	9	10	14	9	10	22	11	2	10	10	5	1	4	7	7	5	3	5	4	8	11	9	20	10	5	11	8	5	6	9	8	8	10	7	8	2	8	10	10	6	8	18	9	5	3	12	19	7	11	6	16	10	14	12
chr15	22	11	16	22	12	9	5	6	14	8	8	5	12	12	20	13	14	7	4	12	7	7	5	10	2	1	4	8	9	6	9	11	20	5	10	11	7	2	2	9	10	2	6	6	9	7	4	8	15	9	5	12	11	11	3	10	20	8	6	10	11	10	11	17
chr15	21	8	12	15	13	10	7	12	7	11	9	6	21	11	13	13	11	12	6	14	10	9	6	6	6	7	6	6	9	6	11	12	14	9	5	10	13	6	6	8	12	5	2	2	10	4	5	4	10	13	10	19	7	6	6	11	13	10	5	9	12	9	8	9
chr15	25	17	22	9	16	5	14	7	22	14	9	8	11	8	15	13	14	7	13	9	4	3	3	3	11	2	4	7	8	4	8	6	25	9	10	17	11	2	3	10	11	4	4	7	6	7	5	9	9	9	9	11	12	3	4	6	17	6	9	5	13	6	9	9
chr15	24	15	12	16	13	14	8	6	12	4	6	5	18	10	5	22	14	9	4	9	7	6	4	12	4	1	7	6	10	2	8	12	16	6	5	10	8	3	0	2	7	3	3	11	6	8	4	10	13	11	7	20	8	6	6	12	14	5	8	6	16	12	16	31
chr15	20	13	12	10	13	8	6	12	18	5	6	7	10	16	4	15	13	10	6	8	13	3	5	6	5	4	3	6	11	3	13	11	13	6	11	9	4	8	3	5	0	2	1	17	5	9	6	19	9	10	7	18	8	8	4	15	16	9	10	9	18	7	20	17
chr15	25	9	18	12	14	8	5	8	14	9	11	3	8	11	8	18	19	10	12	11	16	8	3	6	6	2	1	4	4	8	13	11	11	7	3	10	6	10	2	8	4	3	5	12	10	4	5	12	9	9	4	12	16	7	3	14	7	12	7	11	12	17	12	19
chr15	4	2	6	14	2	9	4	7	5	4	2	11	10	12	3	28	4	8	2	15	6	2	8	16	3	5	7	9	9	15	6	21	9	4	1	4	8	3	2	6	2	5	4	8	13	8	3	16	10	8	13	20	13	18	10	22	8	5	6	12	19	28	19	32
chr15	19	19	11	20	18	14	6	8	8	13	9	7	13	9	18	11	28	9	19	6	17	12	2	12	3	3	5	3	13	9	4	6	9	6	3	5	15	4	2	10	5	12	3	9	14	6	4	2	13	13	4	20	12	13	4	2	7	3	12	7	10	7	3	5
chr15	9	19	12	5	11	9	6	9	21	11	9	7	3	6	8	14	16	5	14	8	12	3	10	4	5	8	8	8	9	4	11	12	12	4	12	14	9	11	7	12	2	11	6	19	10	10	11	6	8	7	10	4	11	6	5	11	14	9	15	3	7	13	11	12
chr15	26	13	10	23	14	10	5	7	11	6	5	6	21	18	7	10	18	10	5	8	5	11	8	13	7	8	2	6	12	4	7	18	13	8	3	8	9	6	3	9	8	4	2	4	3	7	6	4	15	5	10	17	13	10	7	11	7	9	9	4	11	12	9	18
chr15	20	8	16	17	7	6	3	6	19	4	7	9	13	12	14	18	11	4	4	11	5	3	3	11	3	5	2	3	5	9	7	12	20	5	13	12	5	6	2	8	12	5	12	6	7	2	10	10	9	5	6	17	13	7	5	9	16	7	14	11	12	11	17	27
chr15	25	9	10	14	14	4	5	9	14	12	1	4	14	8	6	21	10	4	5	11	4	4	6	12	3	4	9	6	12	6	11	17	14	6	7	6	4	12	5	8	8	5	6	6	8	5	4	9	9	13	9	17	8	6	6	17	8	8	9	10	14	18	14	25
chr15	10	12	9	14	11	7	7	11	8	7	5	9	17	12	10	18	13	7	6	9	6	6	2	10	7	2	2	6	3	4	7	24	10	7	6	9	8	3	1	7	3	5	1	6	14	4	8	10	12	10	8	25	10	8	7	11	14	4	7	15	21	16	15	32
chr16	14	8	7	20	5	4	6	11	10	7	2	11	29	13	9	23	13	3	7	13	7	5	1	7	4	6	1	8	12	7	5	13	9	4	4	9	8	3	4	5	4	1	1	2	6	7	4	12	13	11	11	32	16	8	8	14	8	6	4	8	20	19	9	37
chr16	35	11	14	6	15	12	15	8	21	6	11	7	15	4	12	7	9	15	7	8	10	4	7	7	10	7	9	8	8	6	11	6	11	17	18	5	9	4	8	10	11	9	8	6	12	6	3	6	11	8	6	19	5	8	4	6	9	8	6	6	9	7	3	9
chr16	3	8	5	13	3	10	4	3	8	9	23	6	17	4	9	16	5	2	5	16	12	4	3	6	5	1	2	3	0	3	17	3	13	5	26	9	7	6	3	11	24	9	6	18	8	4	9	30	8	5	10	8	6	5	1	3	16	8	26	24	6	4	39	13
chr16	26	9	10	20	9	9	4	12	10	7	2	10	10	11	11	14	11	10	6	8	4	9	6	16	3	3	4	10	9	17	3	18	16	1	7	5	6	5	1	8	5	5	1	2	10	4	3	13	12	14	6	12	16	12	9	11	11	5	6	8	15	16	13	29
chr16	25	10	7	21	7	12	4	4	5	7	2	14	11	12	13	19	14	5	7	22	9	9	4	8	1	4	2	7	5	6	2	19	8	6	3	7	7	3	2	5	6	2	2	5	8	9	6	15	16	6	11	5	25	6	4	15	12	4	9	12	14	23	16	29
chr16	23	10	11	11	8	9	7	3	14	4	8	3	7	13	14	16	11	7	5	17	13	12	7	9	3	7	5	6	5	6	8	10	15	5	9	9	10	7	3	7	4	6	6	16	8	9	11	11	6	5	4	13	9	13	4	10	17	10	13	14	8	8	21	15
chr16	13	14	18	14	11	14	7	10	14	7	3	4	4	8	17	9	19	11	1	8	17	8	10	7	7	2	6	6	10	2	12	17	17	11	6	6	3	12	0	13	5	7	4	13	7	10	7	9	10	6	3	10	8	7	4	11	14	12	16	11	8	10	17	11
chr16	29	5	20	13	7	5	12	2	19	11	6	13	9	6	7	8	13	8	9	2	2	1	6	8	10	14	5	9	5	4	4	14	14	10	11	11	13	4	11	12	10	10	18	5	5	4	14	10	11	3	9	4	10	7	9	5	7	5	14	6	8	17	6	29
chr16	4	2	6	9	1	4	9	9	2	5	5	5	10	12	8	13	3	5	0	9	6	3	5	6	5	4	8	10	9	4	27	14	6	6	3	8	3	9	6	20	8	6	10	21	18	6	17	15	8	10	8	17	7	4	6	19	8	23	22	20	6	15	21	20
chr16	21	6	10	10	7	4	7	7	8	1	7	10	12	8	13	9	5	7	6	9	5	15	10	11	2	12	10	5	5	18	10	12	8	2	6	12	6	12	4	8	9	7	7	12	15	7	16	7	13	10	4	11	9	10	8	20	9	10	11	18	5	14	9	17
chr16	3	6	7	8	4	6	7	9	5	9	12	7	12	4	15	17	4	9	4	15	8	6	8	8	5	10	7	10	8	5	7	13	9	5	9	11	10	9	12	10	15	10	10	9	11	7	13	12	8	6	13	14	10	9	5	6	8	13	15	17	10	14	18	12
chr16	12	5	14	9	6	9	9	7	11	8	9	9	12	7	12	12	9	8	6	11	10	5	10	5	5	5	8	14	4	5	8	10	10	8	7	10	9	9	5	9	9	8	7	15	14	10	13	14	9	10	10	14	9	7	8	6	10	10	15	13	13	8	15	10
chr16	16	10	14	13	12	2	8	6	13	9	7	5	8	11	13	15	17	3	12	12	16	4	5	3	5	5	3	8	9	6	8	5	11	7	3	10	9	14	4	10	4	7	8	17	9	5	14	15	8	8	5	12	8	8	4	9	9	16	18	13	7	7	21	15
chr16	29	10	22	13	10	6	9	7	14	7	12	4	2	13	10	16	17	4	4	11	10	2	5	6	10	4	3	4	9	7	11	7	22	6	6	14	5	9	1	11	7	5	7	15	6	5	8	12	6	12	5	3	11	6	6	10	17	10	12	9	9	8	18	19
chr16	18	12	16	6	15	4	11	11	21	10	11	7	10	9	8	7	6	11	12	12	7	5	5	5	8	8	12	6	5	11	8	11	20	9	9	9	10	5	14	8	12	13	15	9	8	6	5	6	8	9	12	7	9	8	4	11	6	6	11	3	12	6	6	14
chr16	16	17	11	12	15	10	4	13	12	10	10	4	8	18	13	4	18	9	9	14	12	6	4	8	7	6	3	6	10	9	15	12	11	6	9	9	11	7	4	11	7	8	1	8	9	7	3	8	11	10	7	9	12	6	10	14	9	9	10	9	10	8	6	14
chr16	10	5	10	14	5	12	5	6	12	8	3	7	15	11	11	14	14	9	6	9	13	19	8	9	3	4	11	8	7	10	7	11	9	5	4	8	10	6	5	8	7	9	6	9	10	8	5	12	6	9	10	21	10	12	8	12	4	8	11	11	13	13	11	22
chr16	15	4	9	9	7	5	8	13	12	11	8	8	8	12	9	10	9	9	11	13	6	5	5	4	4	7	4	12	8	8	13	13	8	6	10	7	18	3	5	15	6	7	7	8	14	10	12	10	5	14	9	10	11	7	9	10	8	16	9	18	8	7	18	14
chr16	49	11	19	21	9	7	2	8	17	5	7	9	18	6	13	13	16	6	5	4	3	4	3	8	2	7	2	5	8	5	9	11	25	1	6	8	8	2	5	8	8	4	4	8	8	6	9	10	11	8	8	16	11	5	6	9	13	7	11	11	9	14	11	16
chr2	14	16	16	11	9	8	5	7	17	2	11	10	10	7	5	14	10	6	9	6	11	3	5	8	9	7	5	5	7	11	10	10	17	5	9	7	5	5	1	14	2	9	2	20	11	11	6	15	16	2	6	12	6	11	15	10	10	7	15	8	7	13	19	18
chr2	3	7	10	8	8	14	6	7	5	16	4	8	9	13	10	6	8	17	12	10	14	8	9	14	9	6	7	11	12	7	9	13	5	2	5	12	12	13	10	5	5	8	6	6	6	13	6	16	12	9	6	8	13	10	8	15	5	10	8	16	8	13	14	13
chr2	25	8	8	18	11	4	5	7	8	4	3	9	29	7	14	16	8	6	5	10	3	5	5	5	6	7	1	10	4	8	6	13	11	7	7	5	9	5	3	8	5	6	9	3	11	6	12	14	15	6	4	33	6	4	11	10	11	8	10	21	14	10	18	18
chr2	39	8	7	19	10	9	5	9	12	5	6	12	16	11	9	12	7	7	6	9	8	4	3	11	4	5	5	6	11	11	7	13	15	3	12	8	3	5	2	9	15	5	7	2	11	5	6	8	12	15	10	12	8	7	10	13	7	4	11	10	11	11	10	25
chr2	18	11	11	5	11	10	14	8	7	1	17	9	10	8	5	13	8	8	11	13	16	9	3	9	9	5	8	5	9	5	12	10	12	13	9	8	4	7	2	10	12	7	7	17	6	11	12	10	7	11	3	10	8	11	8	9	15	10	11	8	6	12	15	9
chr2	22	14	18	13	13	9	5	7	13	10	10	9	7	8	14	12	21	10	6	10	10	6	9	4	6	7	3	5	6	6	7	12	17	2	11	5	9	8	5	15	6	12	5	8	10	4	7	9	7	8	7	13	15	6	2	6	10	8	13	8	12	10	11	17
chr2	25	14	16	14	15	10	4	6	13	4	3	5	16	7	7	17	16	9	4	12	13	6	3	9	4	5	9	5	5	13	4	14	16	3	2	7	7	4	8	5	7	8	14	7	6	3	5	8	12	9	4	14	6	11	8	16	4	7	10	5	12	18	10	35
chr2	19	18	13	15	9	13	3	9	5	5	6	12	9	8	9	11	22	6	4	8	15	2	0	13	3	2	3	6	7	2	5	24	10	6	2	9	4	4	6	3	9	6	8	11	10	9	11	16	15	4	9	5	12	11	5	12	10	4	17	17	7	21	23	16
chr2	15	16	12	8	14	14	6	15	9	19	2	7	10	8	3	9	15	12	15	10	15	14	10	11	8	11	9	3	16	15	13	12	8	6	6	7	11	12	9	17	6	7	2	2	4	5	4	3	13	15	4	5	12	10	5	13	4	13	4	4	7	12	5	7
chr2	21	8	12	12	14	8	5	8	6	5	7	11	15	9	13	9	12	10	9	10	11	16	6	13	3	5	7	11	4	4	7	17	7	8	4	8	5	10	7	5	8	7	8	8	10	10	5	13	14	9	4	16	11	12	8	6	10	10	9	8	13	14	12	11
chr2	32	10	14	14	9	7	5	3	8	14	11	8	17	9	13	11	12	6	9	13	10	7	6	6	7	5	3	8	4	8	9	8	10	3	8	7	12	5	7	10	8	6	9	7	16	8	10	7	16	5	10	16	9	10	5	10	5	9	7	18	9	9	7	14
chr2	26	13	12	14	6	7	8	10	11	6	10	10	10	9	12	15	13	8	8	11	9	7	3	10	7	3	6	5	8	11	10	11	14	6	10	9	9	7	4	7	12	6	4	6	8	7	7	9	12	4	7	13	16	8	6	13	9	12	7	10	10	16	9	12
chr2	16	9	14	11	10	7	5	8	14	11	5	13	23	11	10	20	13	4	13	12	12	3	5	7	7	7	5	4	10	6	6	5	13	4	8	12	4	8	7	8	7	5	6	9	13	7	9	5	8	13	8	29	16	9	7	4	9	4	11	8	11	12	7	11
chr2	11	8	6	16	9	7	2	12	6	8	4	3	15	16	7	19	12	8	6	12	10	4	8	10	2	4	7	11	9	6	13	14	5	4	4	8	7	9	7	7	7	5	2	4	7	7	5	14	13	10	5	21	12	12	6	13	7	13	5	15	18	14	15	32
chr2	16	9	10	21	10	13	4	6	10	9	8	8	17	14	10	12	11	12	9	10	11	4	7	10	6	6	2	4	7	9	9	12	17	3	8	6	9	10	3	8	9	8	4	7	9	6	8	6	12	9	8	16	13	5	4	13	9	7	14	10	12	5	13	21
chr2	26	13	16	17	15	17	3	7	9	14	5	12	19	11	6	11	17	14	11	14	22	4	4	10	5	3	2	3	8	8	7	12	9	7	6	8	9	8	2	5	4	0	1	6	8	3	5	9	20	9	6	8	10	11	4	13	12	7	3	4	8	16	8	24
chr2	19	9	11	15	12	8	5	13	10	4	5	14	17	9	15	10	10	11	3	6	6	5	3	11	4	3	2	5	7	13	15	16	13	6	12	10	2	5	2	7	11	2	1	3	13	7	6	11	12	12	7	20	10	7	4	20	16	7	10	15	14	12	12	13
chr3	16	9	7	11	9	11	3	12	12	8	6	3	9	9	9	21	4	10	9	15	7	2	10	12	7	8	4	3	6	11	11	16	14	8	8	8	13	5	4	6	8	7	5	5	6	7	5	7	9	8	5	14	9	13	5	14	11	4	10	15	15	14	15	31
chr3	19	10	7	20	7	9	6	11	7	8	9	9	21	9	11	14	9	10	6	3	8	11	4	10	6	5	5	6	15	6	9	8	13	2	8	8	4	6	8	12	8	7	5	10	15	4	4	11	14	11	12	24	9	7	4	5	10	10	11	9	10	6	17	16
chr3	26	6	14	11	10	7	9	7	16	12	8	7	12	8	6	14	10	6	12	8	11	9	4	8	8	3	6	9	5	12	9	11	16	8	9	10	11	6	1	10	11	1	5	13	9	7	5	12	5	13	8	11	4	10	12	12	8	12	11	4	11	10	15	14
chr3	11	10	15	6	11	16	12	9	8	8	10	3	4	8	14	10	15	14	3	12	14	5	13	9	8	7	12	12	9	9	7	7	10	15	6	10	8	9	5	5	16	5	10	12	9	11	3	12	6	9	5	8	11	11	9	9	9	6	11	8	6	12	11	10
chr3	13	6	23	14	9	6	3	10	18	7	10	5	3	9	14	12	15	7	6	7	14	3	7	8	6	4	1	8	10	5	7	13	15	7	5	11	2	13	1	11	5	5	5	18	8	7	13	15	13	8	6	6	10	10	8	6	9	11	17	12	12	13	15	18
chr3	14	6	11	11	11	11	3	4	11	6	5	13	10	13	10	18	11	8	8	15	12	7	6	8	5	1	4	8	8	4	3	21	8	9	7	11	8	2	3	9	5	7	5	8	9	9	15	8	9	6	9	14	11	13	6	16	14	7	11	12	11	20	16	14
chr3	16	16	9	17	16	17	5	7	9	14	6	8	15	10	10	11	16	14	14	15	19	7	3	6	7	1	5	6	5	11	6	12	12	6	3	11	13	4	5	8	6	7	3	10	12	6	5	7	15	9	11	3	11	7	6	12	10	8	12	6	6	9	15	7
chr4	29	11	17	14	7	8	2	13	14	10	1	7	7	9	12	14	14	6	6	6	9	4	1	11	6	5	3	7	8	9	12	16	23	2	4	9	5	4	9	8	7	4	2	3	6	6	4	15	6	11	5	13	11	9	9	13	11	6	10	14	14	18	13	26
chr4	11	7	30	12	9	11	6	8	16	8	9	7	2	13	13	8	15	6	7	8	12	5	7	7	9	2	5	4	7	3	11	13	27	11	1	10	7	10	0	9	4	8	4	17	13	6	7	15	7	10	2	6	8	5	8	10	20	8	15	13	3	9	25	9
chr4	15	8	8	13	12	6	6	9	6	7	4	11	12	4	17	20	10	7	12	4	7	4	9	7	5	10	5	10	6	4	5	12	4	9	2	12	7	12	6	7	4	6	3	7	20	6	6	16	15	9	6	24	7	5	9	4	12	9	8	20	17	11	20	20
chr4	14	12	18	11	9	6	7	17	17	6	8	4	11	18	11	10	15	7	8	14	16	6	7	2	5	10	6	5	11	5	10	11	16	8	5	13	8	8	7	7	6	6	9	5	4	4	2	14	10	12	4	12	11	10	5	11	14	8	3	10	12	10	12	15
chr4	15	14	13	11	14	10	12	5	14	19	11	8	9	6	11	5	21	5	15	7	12	3	7	6	7	3	9	10	4	4	11	8	9	14	16	4	16	4	7	10	7	11	2	11	13	6	8	14	8	8	8	9	6	11	3	5	16	4	9	12	7	9	11	11
chr4	14	14	12	7	16	9	13	9	8	5	7	8	21	8	7	12	13	14	6	12	9	8	3	12	5	7	10	5	8	10	6	16	11	3	4	10	5	6	7	7	11	4	2	6	9	8	6	9	9	16	6	19	14	9	4	12	4	9	4	13	12	13	11	21
chr4	18	8	8	11	10	11	4	6	14	5	7	12	19	8	9	11	7	5	12	11	11	13	8	9	5	4	4	11	8	8	8	11	7	8	6	11	4	11	9	7	6	3	4	8	18	6	7	10	13	10	12	14	10	6	3	12	7	19	6	10	4	9	18	24
chr4	35	16	16	13	16	4	10	7	23	19	10	9	14	1	9	7	18	9	17	4	5	1	0	3	7	11	12	7	6	6	4	5	15	7	20	7	22	3	17	8	8	14	5	7	6	6	11	6	12	5	8	7	5	0	10	3	11	7	7	6	6	5	7	13
chr4	20	7	10	25	6	11	8	6	8	5	6	8	25	9	12	18	14	9	7	15	16	10	7	8	8	7	4	4	5	7	6	9	9	8	6	10	7	4	3	7	10	3	2	4	5	7	5	9	19	7	5	14	16	16	5	6	7	6	7	10	10	20	7	24
chr4	11	8	18	11	8	10	2	12	13	6	3	11	3	10	12	18	16	7	8	8	15	1	3	4	3	1	5	3	13	4	10	18	13	7	3	9	4	5	0	14	3	3	3	13	7	8	11	17	8	10	4	15	12	7	7	15	13	13	11	16	14	19	20	19
chr4	24	8	15	7	12	4	8	10	12	6	6	7	12	9	12	27	12	5	5	17	7	7	3	6	4	4	3	6	7	8	7	13	11	9	5	10	5	4	2	10	6	3	1	4	6	3	7	11	7	12	6	26	15	8	4	9	13	8	4	10	26	15	10	35
chr4	18	8	9	12	11	5	5	12	9	9	2	7	7	13	6	26	8	10	8	13	14	4	4	11	4	4	5	4	12	18	9	15	8	5	2	9	5	7	2	9	1	6	4	6	13	8	1	3	13	10	7	18	9	17	6	23	10	4	6	8	16	16	12	32
chr4	8	16	7	26	17	8	7	10	6	12	4	8	19	15	13	10	21	12	8	12	14	7	5	8	5	5	5	6	15	7	6	12	6	7	3	6	7	6	7	9	2	6	2	8	9	8	7	6	22	7	12	13	15	13	2	13	9	6	7	8	11	12	5	10
chr4	20	13	16	18	8	9	4	13	13	5	8	5	8	14	7	19	17	5	1	7	9	2	7	7	6	3	4	7	10	11	13	17	23	7	7	11	4	6	1	11	8	4	2	5	1	6	5	9	8	9	7	12	9	8	8	20	21	10	5	3	17	14	14	17
chr4	15	9	11	15	14	6	6	8	8	4	8	8	13	11	13	19	18	6	7	10	6	4	5	7	6	1	6	6	6	7	6	17	8	9	6	10	6	4	4	6	9	8	6	7	5	9	5	11	9	10	4	21	15	8	4	15	10	7	10	9	20	15	12	30
chr4	13	16	9	14	9	10	5	8	9	12	8	11	14	6	4	17	11	5	13	5	8	1	3	13	7	5	5	4	6	15	10	16	14	7	5	10	7	7	3	13	9	7	1	7	9	7	7	10	14	4	13	12	10	7	9	13	11	6	10	11	14	12	17	20
chr4	19	13	26	12	12	21	5	8	19	9	20	5	13	11	9	8	16	9	11	12	22	4	4	5	12	3	1	6	5	5	7	9	26	11	12	10	6	4	7	6	15	7	5	7	4	3	7	8	9	12	5	7	8	6	6	7	13	4	8	4	11	8	6	5
chr4	12	7	14	8	13	11	3	14	17	7	5	8	6	9	5	15	13	12	9	9	16	8	6	13	7	2	5	3	9	17	10	17	12	9	9	9	3	8	3	8	6	8	8	5	7	8	4	5	4	14	5	9	11	16	5	18	9	5	8	8	10	16	11	27
chr4	23	12	15	18	6	10	7	18	15	3	4	10	12	10	12	12	13	11	8	9	10	5	4	6	3	4	6	5	12	5	12	19	16	8	4	8	10	5	0	13	5	6	2	4	3	11	7	5	16	10	5	11	15	4	7	12	13	15	5	7	15	12	9	16
chr4	26	7	22	21	8	8	10	8	29	4	7	6	15	8	8	25	13	2	6	12	10	4	2	5	7	2	6	4	8	5	5	6	25	13	9	16	4	5	2	5	11	6	2	8	5	4	7	7	12	12	9	7	10	4	5	6	17	4	12	5	12	8	18	19
chr4	25	9	20	16	8	6	6	6	17	10	6	11	14	4	14	21	17	4	7	6	8	5	4	8	9	1	2	2	2	8	5	12	21	5	12	14	10	2	2	8	5	4	2	10	7	7	14	8	6	8	5	17	8	12	2	5	21	8	11	13	13	8	20	17
chr4	33	12	12	18	9	6	12	5	7	7	7	15	7	6	16	9	16	7	7	7	6	5	7	7	7	9	11	7	7	5	5	10	20	8	5	7	13	8	8	8	16	9	8	6	9	8	9	9	6	5	12	6	10	6	7	7	10	12	13	7	6	11	12	13
chr4	13	7	16	15	8	0	6	12	14	10	9	13	13	4	16	13	6	5	12	8	3	5	2	6	6	4	7	5	8	5	4	17	21	3	10	11	10	6	10	11	12	9	6	9	7	4	14	11	10	11	8	13	10	5	4	5	13	14	14	9	14	11	16	15
chr4	22	10	11	10	16	6	6	5	9	9	9	6	9	7	7	11	11	11	10	8	5	6	7	10	4	9	6	8	7	9	16	18	15	6	4	4	8	3	8	21	13	4	10	5	4	9	10	7	5	6	8	12	11	13	6	14	4	18	6	11	11	19	6	19
chr4	23	15	15	21	11	8	2	12	17	10	8	9	26	10	12	16	19	7	8	14	17	11	0	2	2	1	3	2	9	4	6	8	17	2	7	11	11	1	2	6	4	6	2	6	11	4	5	6	15	9	14	18	9	10	4	7	14	3	6	9	9	12	9	21
chr4	12	10	9	11	11	13	6	8	5	11	8	6	11	8	9	12	14	8	9	10	13	8	5	17	4	6	7	8	12	12	12	11	9	6	6	4	9	8	10	6	8	10	8	5	8	7	7	11	7	14	6	15	8	14	4	15	8	7	8	14	11	14	9	16
chr4	29	22	15	7	17	13	15	11	27	10	2	3	11	9	6	8	10	10	13	12	7	14	9	10	10	11	7	6	8	6	7	14	22	12	10	7	12	9	5	6	8	6	6	4	4	3	3	4	12	12	4	8	9	4	5	9	6	5	9	1	13	9	5	7
chr4	21	8	12	20	10	5	3	11	10	9	7	10	18	8	13	9	13	3	9	8	8	11	8	10	6	6	1	4	10	7	6	20	9	5	6	9	8	8	2	11	5	4	1	5	10	5	8	11	18	13	9	11	7	13	5	10	8	10	6	15	13	15	12	22
chr4	25	11	12	10	18	2	7	7	13	10	6	11	12	9	14	22	12	7	7	20	14	9	3	3	4	5	8	5	9	2	6	7	10	5	9	9	8	7	7	7	6	5	4	5	9	8	4	9	11	11	11	18	6	11	5	7	10	9	3	9	21	10	7	27
chr4	10	4	9	8	9	8	5	6	7	5	4	6	32	13	14	8	3	7	6	13	6	5	4	13	3	6	8	7	5	8	12	18	8	6	5	8	7	4	6	12	8	7	11	3	13	10	9	8	11	11	1	38	7	11	9	12	9	11	6	24	11	8	15	17
chr4	8	11	8	9	12	5	11	9	8	13	10	9	14	12	10	5	13	10	14	5	13	7	6	6	9	8	6	12	5	11	6	15	9	8	8	17	10	11	11	6	11	4	5	8	11	9	16	6	6	8	10	10	6	9	7	16	14	13	7	13	4	6	15	4
chr4	12	14	9	12	12	9	3	10	10	8	7	11	9	12	18	6	12	8	11	12	14	10	9	7	8	7	3	7	8	9	12	14	10	7	10	15	10	13	5	7	8	4	1	7	8	12	13	3	13	5	6	6	7	8	8	19	16	16	9	11	5	9	9	5
chr4	11	14	6	12	7	20	2	3	7	12	1	12	12	14	11	11	11	5	9	17	13	3	3	9	7	0	3	7	11	6	5	20	11	6	10	7	7	3	3	3	8	2	1	13	11	17	6	10	10	7	8	12	15	2	8	27	12	2	19	12	3	15	23	21
chr4	5	10	11	6	11	7	13	9	15	7	10	10	11	16	12	7	16	10	12	13	16	6	8	5	11	5	8	5	7	4	8	8	8	13	13	14	9	8	2	5	11	8	8	11	5	10	8	11	3	7	6	13	15	14	7	8	11	4	12	8	6	14	7	17
chr5	18	8	14	16	10	7	7	10	16	8	8	4	9	8	13	22	14	5	9	6	9	1	6	5	5	1	7	6	4	3	11	13	15	12	10	13	6	6	1	8	10	4	3	12	11	5	9	9	8	9	3	17	9	7	5	8	19	8	12	12	13	13	18	20
chr5	10	10	12	4	15	19	8	5	7	11	4	9	7	7	6	5	13	11	9	11	10	9	12	7	12	4	6	15	0	6	6	18	10	17	3	7	9	6	8	9	9	13	9	9	8	9	13	13	4	9	7	3	10	4	9	9	9	4	21	9	8	10	18	24
chr5	7	7	10	9	2	5	3	11	10	9	2	11	5	8	9	13	7	8	7	10	11	16	7	14	3	6	7	9	6	14	6	21	8	4	9	7	8	11	8	9	7	11	7	6	4	8	11	12	11	3	6	9	11	16	7	13	8	10	15	9	14	16	16	31
chr5	11	11	13	11	11	11	6	3	11	11	9	18	9	11	9	5	14	9	12	8	12	2	7	6	4	3	8	13	5	4	9	7	12	7	15	6	8	9	8	3	13	7	6	10	14	13	21	12	9	4	9	9	12	5	7	13	12	7	13	19	4	9	11	8
chr5	27	5	19	12	9	3	5	3	13	13	14	15	12	4	7	8	9	4	8	9	4	3	8	5	9	7	6	12	4	2	9	10	21	6	10	5	9	11	13	10	7	13	13	9	8	9	17	12	6	5	18	5	8	3	8	7	13	10	8	11	10	11	9	15
chr5	9	22	11	12	18	19	7	8	5	14	4	9	6	8	14	8	21	6	13	13	16	2	7	7	8	0	6	10	6	5	2	21	7	13	2	8	13	7	3	2	6	9	2	11	10	7	10	13	17	10	6	3	6	4	7	17	11	2	16	10	14	14	13	8
chr5	13	9	9	12	7	8	6	9	3	9	6	5	10	17	5	11	10	6	7	15	13	7	8	18	5	4	4	8	5	13	8	27	11	4	3	7	5	12	3	10	7	9	2	5	7	7	5	8	9	12	4	9	13	19	4	16	10	8	11	9	12	15	19	26
chr5	23	10	17	14	11	5	5	10	16	7	8	12	21	7	12	15	13	12	9	12	14	4	2	6	5	5	5	3	8	7	5	10	14	2	7	12	4	8	6	7	5	5	3	6	11	7	4	11	14	7	11	17	17	9	5	7	9	8	3	12	9	17	11	17
chr5	28	7	8	13	6	8	8	12	13	9	0	12	13	7	12	12	5	9	5	8	6	6	5	11	10	3	6	7	10	4	12	11	17	11	10	10	7	4	9	6	8	5	4	4	5	4	11	12	6	7	11	12	9	10	4	8	17	9	11	9	8	16	11	37
chr5	13	7	5	9	10	12	8	11	7	8	4	15	10	12	8	10	8	15	12	14	14	5	7	9	3	4	6	10	12	6	8	14	5	8	7	2	9	7	4	5	7	5	6	7	10	9	7	18	8	11	10	14	16	11	4	15	5	8	9	12	11	20	11	21
chr5	18	14	6	19	14	18	1	6	4	16	6	3	16	18	12	14	19	14	13	15	17	4	7	10	5	6	1	7	4	5	7	16	8	5	3	11	15	4	5	7	2	5	2	4	8	6	9	4	12	6	7	15	15	12	6	9	16	4	4	13	12	13	9	12
chr5	11	11	9	17	9	6	8	11	8	12	5	6	22	10	9	17	13	8	6	11	11	9	4	8	6	3	3	9	7	7	8	19	9	4	7	15	7	7	3	7	9	1	3	4	9	9	3	8	15	12	9	15	11	10	6	14	12	8	6	10	13	15	16	18
chr5	5	17	12	13	15	17	6	12	16	13	11	8	12	10	3	9	20	9	21	10	18	4	5	8	6	3	2	11	7	8	8	10	13	6	10	7	14	1	5	7	11	6	6	12	8	6	8	11	9	18	5	5	12	13	6	6	3	5	16	2	10	13	7	8
chr5	21	9	16	15	12	7	4	12	15	3	9	6	4	11	16	26	17	7	3	12	16	5	3	3	3	2	5	4	8	4	5	12	16	8	4	11	2	6	2	8	9	6	6	10	12	5	3	10	7	11	10	19	9	9	5	6	12	7	11	10	23	9	16	21
chr5	23	5	15	19	3	5	6	10	10	7	6	11	13	15	9	13	9	5	4	8	8	12	6	10	6	4	7	3	12	12	6	16	17	6	6	6	3	9	2	10	9	6	13	5	7	6	7	10	13	8	9	17	12	10	6	17	10	7	7	10	15	12	12	13
chr5	9	11	16	9	6	5	13	6	21	5	9	11	6	9	8	16	9	3	11	6	4	1	5	7	9	2	10	4	5	8	11	10	21	10	10	11	11	3	2	5	9	6	7	15	11	6	8	16	6	6	9	13	8	8	5	16	13	8	11	11	12	14	16	26
chr5	14	8	9	11	15	6	6	6	13	7	7	6	25	5	11	10	4	12	7	10	1	5	7	14	4	10	5	11	6	10	6	16	10	3	7	11	12	5	7	8	7	5	6	9	12	6	7	10	14	11	10	19	5	11	10	10	7	9	9	9	11	15	10	26
chr5	20	12	9	13	9	6	7	5	4	4	3	8	19	21	9	16	12	5	4	26	12	4	3	12	5	2	3	11	5	14	6	20	12	4	0	6	3	6	3	7	4	3	3	3	8	7	5	8	10	6	7	20	23	15	8	21	9	10	4	6	11	25	9	23
chr5	23	8	17	14	12	4	7	11	17	12	8	10	16	11	10	12	9	8	15	6	7	3	2	8	3	6	2	10	10	3	8	9	16	6	7	9	8	7	7	9	9	4	7	7	12	4	6	12	14	12	8	20	11	6	5	2	10	9	9	7	16	6	11	21
chr6	28	5	13	12	7	2	8	6	12	5	13	5	11	5	8	16	4	9	6	8	6	8	5	8	3	9	4	7	3	5	6	18	14	5	8	3	9	4	6	5	7	6	7	16	7	11	11	21	11	4	8	17	5	13	4	13	8	4	12	22	19	14	21	18
chr6	22	9	10	13	9	2	13	6	7	3	7	14	27	9	13	22	8	6	3	16	3	1	3	6	9	6	1	8	7	6	6	8	9	7	10	9	7	4	1	4	5	2	4	8	14	6	13	12	15	8	8	33	14	6	7	11	14	5	7	15	16	17	9	15
chr6	22	12	16	10	11	6	11	7	17	8	7	5	10	4	19	9	11	5	7	6	7	3	4	4	9	4	9	6	5	5	11	7	13	11	10	18	6	4	4	11	8	8	7	14	5	7	8	22	14	7	4	8	5	5	8	6	18	5	14	17	13	8	17	16
chr6	9	13	5	16	5	9	9	10	8	8	6	7	10	26	4	12	7	7	6	22	13	5	5	7	10	5	6	12	8	5	13	15	16	7	8	8	3	7	5	5	11	4	3	8	9	18	5	6	11	6	10	6	21	9	14	19	10	3	11	11	6	14	13	8
chr7	7	6	7	4	8	8	4	10	10	7	3	5	10	6	9	21	9	7	4	16	11	9	4	11	7	12	4	5	8	11	20	6	4	8	9	11	10	11	8	11	4	10	8	13	6	10	16	8	4	8	5	16	7	7	12	13	11	11	20	17	9	12	14	16
chr7	15	13	17	12	7	10	14	6	16	8	12	7	7	10	14	8	11	12	12	6	13	2	4	6	10	9	9	5	5	3	10	7	18	7	7	14	12	9	7	10	6	12	12	12	12	7	16	6	13	5	6	7	9	4	8	3	14	9	9	17	7	5	9	6
chr7	21	16	25	14	11	11	7	13	20	5	5	11	14	10	6	14	18	8	7	15	10	1	2	8	3	5	4	4	7	10	3	14	24	8	5	5	10	4	1	2	11	3	4	3	6	7	2	9	13	10	4	11	17	5	6	11	8	4	8	6	11	12	15	31
chr7	9	11	7	3	7	7	8	4	1	3	16	11	4	6	6	12	10	6	4	12	8	5	5	7	3	8	5	4	5	8	21	9	7	3	18	8	9	5	7	18	14	7	10	15	1	4	11	37	4	6	2	5	7	8	0	14	18	21	15	23	7	11	40	8
chr7	24	14	11	16	17	14	8	8	8	10	5	9	11	14	14	15	19	9	11	15	17	6	9	8	9	9	3	4	8	6	4	11	11	7	7	12	12	7	5	5	7	4	4	3	9	4	3	6	11	17	3	11	8	13	3	8	12	6	6	6	14	9	9	10
chr7	23	13	17	12	15	12	9	9	11	9	11	17	15	5	8	8	8	19	7	4	8	10	13	6	13	11	7	6	8	4	8	4	18	6	16	10	7	12	9	7	9	9	5	6	10	5	10	9	16	7	8	10	9	3	6	2	16	6	6	5	8	6	7	5
chr7	4	10	6	5	13	12	5	17	12	3	4	0	7	9	13	19	10	11	4	14	16	4	8	6	4	6	6	7	12	12	9	16	7	7	5	16	1	6	0	12	4	4	5	16	3	7	9	14	4	19	4	13	9	12	10	14	15	6	14	10	18	17	14	19
chr7	27	9	16	16	5	8	5	5	16	7	7	10	17	8	11	18	12	2	10	7	11	5	1	10	3	3	9	5	9	4	4	13	16	5	7	9	9	6	7	7	8	11	6	7	5	6	10	12	13	7	7	22	6	8	7	8	11	8	10	11	17	11	15	13
chr7	19	20	16	13	20	10	10	13	11	10	10	9	10	10	8	5	19	10	9	7	10	3	5	5	12	5	11	7	8	10	11	6	14	13	10	7	7	6	10	9	14	8	9	6	12	5	8	6	16	10	5	6	8	4	10	7	7	9	7	10	7	4	6	6
chr7	31	12	10	16	9	10	3	12	15	11	2	8	14	5	10	18	9	6	10	6	8	2	2	6	2	0	1	6	8	5	8	26	10	10	5	12	8	0	2	11	7	5	2	2	13	6	6	7	19	6	11	13	6	6	2	18	13	5	11	16	14	16	21	24
chr7	26	8	19	17	7	8	3	6	11	6	11	9	18	14	18	15	15	3	10	11	9	5	4	8	6	3	3	3	13	3	4	10	17	4	1	16	8	8	3	6	11	10	4	9	6	9	8	7	12	9	7	21	15	5	4	10	10	6	16	9	13	8	11	9
chr7	20	13	21	17	12	9	8	10	18	10	10	8	16	12	11	7	18	9	10	5	8	4	3	9	3	2	4	3	10	10	10	11	21	9	8	12	8	6	1	10	11	6	7	7	8	2	9	7	13	8	7	12	14	5	0	12	17	7	10	8	6	7	12	7
chr7	32	5	20	22	8	8	2	8	18	9	7	7	18	8	14	16	11	4	7	8	10	14	7	11	3	6	1	5	12	6	7	12	20	8	8	8	4	8	2	9	7	2	2	3	6	8	3	7	16	9	6	18	8	12	4	9	16	6	4	8	14	11	10	16
chr7	25	10	14	11	21	5	4	8	14	7	7	11	14	5	12	10	11	18	12	10	10	1	9	4	2	10	9	6	4	5	8	10	14	3	7	8	9	13	7	6	9	10	1	6	8	8	8	13	10	7	6	12	11	5	7	9	8	8	9	14	9	13	11	22
chr7	40	9	14	23	10	3	10	5	15	5	11	6	17	3	11	13	17	5	8	4	9	10	5	4	4	7	9	9	2	2	7	12	14	8	13	7	11	8	10	4	12	9	17	6	10	5	8	5	15	6	2	10	4	7	4	10	11	13	7	7	4	15	11	16
chr7	12	9	11	17	11	3	4	13	7	6	6	8	21	8	10	25	11	7	3	12	1	3	6	7	3	3	3	4	7	7	6	18	10	7	5	9	7	5	0	7	6	3	3	5	6	4	6	13	16	8	8	25	14	6	3	11	15	7	5	12	23	15	17	45
chr7	18	8	9	12	6	6	9	6	7	13	10	5	7	9	12	9	9	7	5	9	6	5	6	9	8	7	5	10	11	8	9	17	12	3	9	8	8	10	7	16	7	13	6	8	10	4	8	15	9	9	11	8	10	5	8	14	10	8	13	14	9	16	16	17
chr7	9	10	5	5	11	6	4	9	8	11	6	8	12	8	14	14	10	9	9	15	8	6	9	4	7	8	5	8	5	8	8	13	5	2	11	13	12	8	7	11	5	11	5	11	12	9	12	9	5	9	8	15	12	8	8	10	11	8	15	15	8	13	15	23
chr7	34	11	10	19	3	8	5	9	8	10	7	11	15	9	11	21	9	7	8	13	11	4	5	6	10	7	3	3	6	5	7	13	18	0	8	6	11	7	5	6	7	4	3	4	12	6	1	9	13	6	10	19	12	7	8	10	7	8	5	10	15	17	11	25
chr7	7	5	12	14	11	13	2	5	8	9	4	4	7	15	13	11	17	14	6	11	17	16	9	14	2	6	2	11	7	10	13	14	9	2	2	12	11	11	5	10	7	6	5	6	5	6	9	11	5	10	5	9	9	16	5	16	7	16	13	10	10	15	11	15
chr7	30	10	9	13	8	6	4	13	16	12	14	11	11	7	10	10	10	6	17	8	14	8	4	8	4	8	1	8	5	8	9	13	14	5	11	9	13	11	6	11	11	9	5	3	14	3	7	8	8	9	16	9	6	9	7	3	8	12	8	10	12	7	12	7
chr7	48	12	17	16	9	7	6	8	11	7	4	8	21	7	6	15	14	4	4	11	6	14	7	11	5	6	8	5	8	8	6	12	14	4	5	5	8	7	7	7	9	8	5	7	6	6	5	5	16	10	4	17	10	10	4	8	3	8	12	2	12	11	9	23
chr7	9	10	8	3	7	4	5	8	7	5	11	9	8	4	12	13	8	5	5	8	5	4	3	12	2	1	6	12	4	13	7	18	7	5	11	9	9	6	5	8	12	11	14	15	14	10	16	14	7	4	8	17	5	10	8	14	11	11	21	18	10	10	26	16
chr7	11	18	11	15	16	11	5	12	8	6	6	15	9	12	8	12	20	13	10	12	15	3	3	6	3	0	5	10	6	8	8	14	11	3	9	10	9	4	0	1	10	4	4	8	12	14	8	11	13	10	5	4	15	9	10	17	11	4	11	12	5	17	14	12
chr7	27	15	14	14	5	24	7	8	11	13	5	17	19	3	8	12	17	11	17	11	28	10	5	2	4	6	6	4	9	6	8	5	8	6	5	9	15	6	3	10	2	9	2	3	10	7	4	11	17	12	10	8	8	5	5	8	11	6	3	8	9	10	8	9
chr7	16	20	13	15	13	11	2	8	7	10	6	16	16	14	7	12	14	8	11	20	13	8	3	5	3	3	1	7	6	10	11	10	10	3	4	5	9	3	3	13	7	5	6	7	16	6	7	7	23	3	11	9	18	7	6	11	5	10	12	6	8	13	8	18
chr7	20	12	10	14	10	10	7	7	12	4	2	13	16	6	9	20	9	5	2	10	4	5	6	8	5	10	5	6	9	9	5	16	9	4	5	11	5	2	4	10	4	3	5	5	15	4	2	14	18	13	14	15	7	6	9	14	8	4	5	11	20	17	13	36
chr7	30	6	17	15	6	5	3	6	8	6	11	12	15	9	12	16	9	8	6	8	6	3	3	6	5	7	4	6	5	3	6	12	11	3	8	12	9	5	4	6	11	5	5	10	11	8	9	11	18	4	6	17	10	5	12	8	10	6	11	11	14	15	11	38
chr8	19	10	6	15	9	15	7	6	8	11	5	8	5	12	12	11	12	13	13	13	20	11	8	8	10	5	7	8	5	8	8	9	12	9	6	7	11	11	9	7	11	10	10	7	11	9	7	4	7	5	7	5	11	10	6	9	5	12	16	8	3	6	14	16
chr8	8	10	13	7	13	6	5	9	10	15	11	11	10	4	12	13	14	6	17	10	9	8	5	9	6	6	4	5	3	7	12	11	12	9	9	11	18	11	5	8	13	7	5	5	11	3	13	10	4	8	8	11	7	6	6	8	11	14	10	16	7	13	14	16
chr8	10	4	8	9	3	4	9	7	6	4	9	9	10	6	12	19	7	6	5	12	11	5	2	12	6	4	4	5	3	6	28	14	6	4	13	10	7	7	3	23	8	6	7	7	8	7	2	19	8	9	2	17	9	13	5	9	13	26	8	15	15	17	20	16
chr8	8	6	4	15	6	14	6	1	4	6	3	7	12	29	5	16	7	4	6	24	11	10	7	11	6	8	6	8	11	8	9	13	6	10	6	6	4	7	5	9	9	6	8	6	12	6	9	9	12	6	4	17	20	8	11	20	9	5	12	15	4	16	18	12
chr8	20	5	14	22	10	3	4	6	17	9	5	6	24	7	16	14	9	10	4	8	6	6	4	7	2	1	5	6	10	2	7	14	13	2	9	10	10	5	5	5	9	7	12	8	5	5	9	9	19	6	10	21	5	9	1	15	6	8	14	9	17	15	5	32
chr8	14	8	16	13	11	9	4	13	17	13	4	8	12	9	11	8	16	8	9	8	10	4	11	6	5	7	5	8	6	13	9	16	14	7	7	8	11	9	6	13	4	10	4	5	11	1	7	9	7	14	10	11	9	9	4	11	10	9	10	7	13	10	9	18
chr8	13	10	7	10	11	9	9	11	8	4	6	9	16	13	12	14	10	14	4	17	16	4	5	7	8	6	3	8	8	10	11	14	8	6	7	12	6	6	5	10	7	1	2	6	11	7	5	10	10	10	9	15	12	13	6	15	10	16	5	10	9	16	13	13
chr8	28	10	16	15	17	0	10	5	8	6	16	10	18	3	11	8	10	6	7	9	4	3	4	6	5	4	9	8	5	4	12	4	16	10	9	7	6	11	8	8	17	10	14	10	8	4	17	15	14	6	8	9	6	3	4	6	12	13	12	16	6	8	13	11
chr8	12	10	5	18	13	7	7	9	6	6	2	8	12	9	17	19	9	7	9	15	8	8	6	8	6	4	5	8	9	11	8	8	9	6	4	10	8	7	4	2	9	4	1	5	10	13	5	11	15	13	3	14	11	8	6	17	8	7	11	19	14	9	15	31
chr9	3	5	4	1	10	4	14	5	10	8	19	10	1	5	12	1	5	9	15	6	5	7	9	6	12	8	5	18	3	10	13	14	3	16	21	10	13	9	8	16	16	16	11	14	9	13	12	12	2	3	7	2	7	8	12	13	11	14	22	4	1	12	14	10
chr9	12	10	10	12	10	7	4	7	10	6	8	7	12	13	11	23	15	3	5	13	11	3	7	10	8	2	5	4	11	13	6	8	10	9	8	8	8	4	3	4	8	4	5	9	8	2	6	15	8	6	8	26	7	17	5	16	9	7	8	11	17	17	12	27
chr9	19	20	17	7	18	12	7	7	18	11	7	6	14	11	7	9	18	7	9	15	13	3	11	6	9	7	5	6	7	8	12	6	15	11	10	8	9	8	4	13	7	4	1	9	5	10	9	8	11	6	6	11	9	10	5	7	10	11	8	11	8	2	12	8
chr9	10	9	13	6	2	6	9	4	9	4	13	11	8	9	17	10	7	1	6	12	6	8	5	8	11	5	4	9	6	4	7	13	14	8	7	18	8	6	7	7	9	11	16	12	8	9	9	22	7	3	11	8	10	7	8	11	18	8	16	16	7	13	25	7
chr9	17	10	12	22	13	7	4	7	10	6	5	15	12	17	11	13	14	6	9	16	14	9	5	7	3	3	3	6	9	6	7	14	14	10	1	6	8	6	3	8	5	5	4	9	12	7	7	10	16	5	14	10	10	13	3	14	13	10	11	6	12	10	15	9
chr9	26	11	11	22	6	9	4	11	10	10	9	15	19	8	9	14	13	7	14	5	8	1	2	7	4	1	2	4	9	8	6	15	16	4	7	5	10	0	1	9	7	3	4	8	15	4	6	12	15	8	12	18	15	8	4	11	11	6	7	10	10	19	13	20
chr9	10	5	8	7	5	8	8	8	9	10	4	10	12	7	12	6	8	8	10	8	11	10	3	12	4	7	7	7	8	13	11	21	5	6	7	8	7	12	8	13	6	10	4	7	10	9	12	10	7	10	9	14	11	6	6	20	7	13	12	17	10	14	14	17
chr9	24	10	12	18	17	9	3	10	13	3	10	10	18	8	11	21	18	5	10	10	10	7	3	6	4	5	2	1	13	8	9	5	14	6	9	10	7	3	1	7	13	3	4	6	5	5	3	10	8	19	5	20	9	7	5	12	9	7	10	6	16	12	9	25
chr9	9	13	9	7	8	7	9	5	7	15	19	7	6	18	3	11	10	3	21	13	10	4	2	11	3	4	7	6	6	9	9	14	12	7	12	9	14	7	3	9	19	5	16	16	10	3	13	7	7	6	6	9	15	9	6	14	10	9	14	4	6	14	12	10
