Chromosome	A	C	G	T
chr1	176	116	154	154
chr1	151	137	156	156
chr1	130	192	162	116
chr10	161	110	185	144
chr10	155	142	113	190
chr10	178	120	107	195
chr10	166	134	139	161
chr10	140	119	133	208
chr10	142	136	120	202
chr10	192	107	105	196
chr10	191	132	98	179
chr10	183	111	134	172
chr10	161	176	146	117
chr10	169	110	175	146
chr10	208	112	120	160
chr10	233	96	142	129
chr10	185	108	121	186
chr10	184	140	127	149
chr10	174	142	106	178
chr10	162	122	119	197
chr10	143	146	133	178
chr10	121	152	148	179
chr10	178	119	134	169
chr11	195	126	139	140
chr11	171	118	155	156
chr11	174	111	122	193
chr11	161	92	160	187
chr11	195	118	119	168
chr11	178	124	101	197
chr11	180	116	123	181
chr11	176	103	125	196
chr11	135	163	137	165
chr11	162	135	152	151
chr12	144	157	137	162
chr12	174	137	110	179
chr12	193	89	170	148
chr12	175	115	126	184
chr12	136	141	146	177
chr12	146	116	179	159
chr12	171	123	108	198
chr12	168	121	106	205
chr12	150	152	141	157
chr12	200	111	124	165
chr12	134	123	169	174
chr12	217	98	99	186
chr12	202	102	132	164
chr12	168	142	140	150
chr12	194	137	102	167
chr12	122	198	99	181
chr13	185	118	122	175
chr13	166	111	125	198
chr13	166	176	112	146
chr13	196	125	103	176
chr13	173	109	132	186
chr13	195	126	120	159
chr13	201	124	114	161
chr13	188	122	126	164
chr13	166	147	100	187
chr13	178	109	119	194
chr13	166	118	128	188
chr13	204	142	104	150
chr13	177	123	127	173
chr13	219	163	124	94
chr13	170	141	142	147
chr13	167	137	117	179
chr13	185	130	140	145
chr13	153	95	195	157
chr13	185	121	135	159
chr13	167	161	115	157
chr13	189	149	146	116
chr13	194	108	109	189
chr13	176	119	127	178
chr14	181	92	131	196
chr14	158	109	186	147
chr14	155	137	155	153
chr14	184	118	120	178
chr14	189	100	118	193
chr14	174	119	137	170
chr14	170	115	152	163
chr14	141	105	157	197
chr14	137	140	140	183
chr14	188	136	140	136
chr14	194	118	118	170
chr14	177	93	157	173
chr14	201	112	124	163
chr14	186	110	138	166
chr14	185	138	103	174
chr14	168	120	153	159
chr14	198	134	103	165
chr14	198	119	136	147
chr15	185	119	153	143
chr15	187	116	157	140
chr15	191	119	132	158
chr15	162	143	112	183
chr15	154	129	124	193
chr15	97	150	196	157
chr15	164	133	120	183
chr15	140	130	140	190
chr15	164	112	156	168
chr15	165	143	119	173
chr15	152	134	109	205
chr15	216	105	136	143
chr15	206	119	116	159
chr15	163	133	118	186
chr15	171	124	118	187
chr15	181	125	128	166
chr15	179	142	106	173
chr15	201	109	121	169
chr15	189	137	121	153
chr15	190	143	98	169
chr15	154	134	126	186
chr15	174	123	113	190
chr15	143	75	186	196
chr15	184	92	129	195
chr15	168	173	151	108
chr15	167	114	105	214
chr15	161	130	119	190
chr15	206	100	119	175
chr16	151	134	122	193
chr16	182	174	85	159
chr16	199	134	142	125
chr16	185	132	134	149
chr16	178	136	97	189
chr16	141	89	188	182
chr16	180	136	93	191
chr16	171	113	148	168
chr16	175	136	120	169
chr16	201	103	122	174
chr16	119	155	137	189
chr16	154	126	152	168
chr16	176	132	159	133
chr16	169	122	127	182
chr16	176	146	125	153
chr16	148	151	122	179
chr16	191	103	143	163
chr16	194	147	98	161
chr16	219	100	120	161
chr16	182	102	130	186
chr16	189	157	99	155
chr16	187	128	123	162
chr16	167	140	114	179
chr2	153	129	149	169
chr2	144	153	125	178
chr2	178	106	123	193
chr2	185	118	115	182
chr2	124	168	133	175
chr2	162	124	111	203
chr2	189	115	124	172
chr2	161	126	109	204
chr2	152	167	107	174
chr2	176	138	119	167
chr2	213	93	125	169
chr2	160	111	121	208
chr2	178	125	127	170
chr2	176	150	108	166
chr2	130	171	130	169
chr2	189	118	137	156
chr2	216	106	132	146
chr2	202	100	117	181
chr2	181	132	119	168
chr2	183	111	98	208
chr2	184	139	118	159
chr2	182	129	116	173
chr2	157	153	95	195
chr2	212	137	111	140
chr3	192	95	107	206
chr3	177	120	119	184
chr3	170	129	139	162
chr3	193	105	131	171
chr3	185	117	134	164
chr3	148	137	137	178
chr3	151	164	97	188
chr3	145	128	158	169
chr3	198	144	117	141
chr3	174	135	115	176
chr4	172	206	83	139
chr4	181	140	125	154
chr4	171	122	178	129
chr4	154	118	124	204
chr4	206	122	156	116
chr4	134	119	188	159
chr4	197	112	132	159
chr4	205	101	131	163
chr4	206	110	119	165
chr4	192	108	147	153
chr4	160	123	98	219
chr4	170	149	128	153
chr4	160	103	139	198
chr4	192	110	119	179
chr4	184	206	74	136
chr4	202	106	119	173
chr4	201	136	102	161
chr4	181	104	116	199
chr4	201	112	166	121
chr4	164	145	137	154
chr4	202	140	98	160
chr4	152	161	111	176
chr4	209	103	119	169
chr4	175	99	127	199
chr4	125	157	133	185
chr4	191	95	129	185
chr4	181	124	149	146
chr4	195	119	112	174
chr4	180	133	142	145
chr4	238	83	128	151
chr4	215	114	102	169
chr4	184	129	143	144
chr4	231	89	121	159
chr4	183	113	113	191
chr4	160	127	96	217
chr4	187	94	108	211
chr4	153	162	127	158
chr4	193	164	122	121
chr4	158	129	148	165
chr4	172	134	105	189
chr4	186	169	124	121
chr4	192	125	97	186
chr4	194	124	111	171
chr4	194	122	131	153
chr4	154	142	152	152
chr4	156	151	138	155
chr5	178	127	116	179
chr5	171	109	142	178
chr5	160	143	123	174
chr5	163	124	164	149
chr5	165	125	136	174
chr5	140	101	129	230
chr5	173	136	96	195
chr5	201	100	110	189
chr5	208	90	145	157
chr5	183	131	125	161
chr5	169	99	150	182
chr5	157	123	133	187
chr5	202	121	94	183
chr5	185	124	155	136
chr5	198	120	110	172
chr5	194	139	119	148
chr5	190	138	125	147
chr5	193	112	118	177
chr5	157	129	135	179
chr5	182	120	107	191
chr5	172	124	168	136
chr5	176	119	134	171
chr5	148	150	110	192
chr5	147	110	168	175
chr5	169	126	119	186
chr5	184	138	138	140
chr5	218	102	112	168
chr5	182	78	132	208
chr5	209	97	122	172
chr5	199	178	99	124
chr5	169	131	120	180
chr5	146	164	133	157
chr5	198	113	136	153
chr5	143	127	150	180
chr6	183	81	148	188
chr6	199	115	152	134
chr6	160	162	123	155
chr6	202	101	113	184
chr6	172	136	131	161
chr7	204	114	114	168
chr7	178	108	102	212
chr7	197	142	118	143
chr7	194	140	148	118
chr7	153	145	115	187
chr7	190	134	136	140
chr7	210	96	93	201
chr7	182	111	104	203
chr7	210	96	106	188
chr7	171	155	126	148
chr7	199	112	143	146
chr7	173	118	122	187
chr7	150	163	116	171
chr7	126	135	131	208
chr7	173	101	156	170
chr7	172	127	145	156
chr7	134	132	149	185
chr7	194	112	159	135
chr7	141	171	114	174
chr7	196	125	139	140
chr7	182	128	103	187
chr7	191	127	100	182
chr7	133	110	164	193
chr7	200	147	114	139
chr7	163	135	98	204
chr7	180	95	126	199
chr7	192	112	116	180
chr8	212	99	87	202
chr8	214	139	110	137
chr8	171	119	109	201
chr8	156	130	158	156
chr8	141	137	143	179
chr8	149	163	132	156
chr8	157	132	142	169
chr8	259	85	98	158
chr8	201	97	109	193
chr8	198	79	115	208
chr8	156	147	122	175
chr8	190	105	128	177
chr8	187	151	100	162
chr8	161	129	107	203
chr9	104	178	160	158
chr9	164	123	111	202
chr9	141	112	173	174
chr9	180	131	114	175
chr9	181	104	120	195
chr9	176	129	127	168
chr9	208	128	116	148
chr9	181	115	116	188
chr9	198	118	102	182
chr9	159	133	126	182
