Chromosome	AA	AC	AG	AT	CA	CC	CG	CT	GA	GC	GG	GT	TA	TC	TG	TT
chr1	58	34	43	41	40	20	24	32	35	38	48	32	43	24	39	48
chr1	46	32	36	37	32	37	39	29	35	29	46	45	38	38	35	45
chr1	23	60	23	24	55	36	64	37	42	47	35	37	10	48	40	18
chr10	46	29	48	38	32	15	38	25	52	36	49	47	30	30	50	34
chr10	44	35	29	46	32	35	23	52	26	32	18	37	52	40	43	55
chr10	67	24	40	46	28	30	20	42	28	26	20	33	54	40	27	74
chr10	54	35	33	44	43	25	33	33	36	29	34	39	33	44	39	45
chr10	38	17	29	56	32	31	14	42	30	36	35	31	40	35	55	78
chr10	42	38	20	42	37	34	25	40	28	28	31	33	34	36	44	87
chr10	59	29	38	65	26	19	21	41	39	21	17	28	67	38	29	62
chr10	63	46	33	48	42	31	20	39	40	17	17	24	46	38	28	67
chr10	57	38	38	49	46	14	18	33	39	27	34	34	41	31	44	56
chr10	43	46	47	25	50	52	33	41	45	34	37	29	23	44	29	21
chr10	50	29	53	36	40	17	32	21	40	45	46	44	39	19	44	44
chr10	85	36	30	57	43	20	23	26	38	25	30	27	41	31	37	50
chr10	99	27	62	45	33	19	21	23	63	24	24	30	38	25	35	31
chr10	49	29	42	64	39	13	18	38	48	24	22	27	48	42	39	57
chr10	65	41	34	44	46	38	30	26	21	34	29	42	52	26	34	37
chr10	58	33	30	53	35	44	19	44	25	23	20	38	56	42	37	42
chr10	57	30	23	52	34	24	21	42	35	19	31	34	36	49	44	68
chr10	34	33	30	46	41	38	31	36	31	40	29	32	37	35	43	63
chr10	23	30	33	34	35	39	25	53	35	41	32	40	28	42	58	51
chr10	61	39	31	46	35	25	18	41	39	27	40	28	42	28	45	54
chr11	75	32	39	48	40	27	30	29	43	33	40	23	36	34	30	40
chr11	54	27	51	39	25	28	30	34	44	36	38	37	48	27	36	45
chr11	56	27	42	49	31	22	23	35	21	36	24	41	66	26	32	68
chr11	33	25	45	58	34	12	19	27	39	30	46	45	55	25	49	57
chr11	73	34	40	48	40	28	22	28	45	16	25	32	36	40	32	60
chr11	45	36	37	59	44	26	15	39	27	27	14	33	61	35	35	66
chr11	69	26	38	47	38	24	26	28	35	29	19	39	37	37	40	67
chr11	59	29	41	46	26	26	13	38	32	28	24	41	59	20	46	71
chr11	30	29	40	35	43	54	23	43	35	31	28	43	27	49	46	43
chr11	47	25	54	35	41	34	24	36	36	44	33	39	38	32	41	40
chr12	46	30	34	34	41	45	35	36	25	45	32	35	32	36	36	57
chr12	52	44	29	49	41	24	26	46	35	23	19	33	46	45	36	51
chr12	57	25	66	45	38	11	14	25	55	30	46	39	42	23	44	39
chr12	60	34	34	47	33	27	21	33	39	27	32	28	43	27	39	75
chr12	35	32	24	45	37	26	29	48	38	36	34	38	25	47	59	46
chr12	41	31	50	24	25	29	32	30	42	31	49	57	38	25	47	48
chr12	57	27	38	49	38	33	19	33	28	25	16	39	48	37	35	77
chr12	40	34	31	63	41	25	14	41	35	22	20	29	52	40	41	71
chr12	38	38	32	42	41	46	33	31	40	25	33	43	31	43	42	41
chr12	85	33	34	47	36	21	23	31	37	19	33	35	42	38	34	51
chr12	23	41	39	31	29	29	30	35	40	32	35	62	42	21	64	46
chr12	88	36	32	61	41	20	10	27	31	19	21	28	56	23	36	70
chr12	69	31	45	57	38	21	18	25	52	25	30	25	42	25	39	57
chr12	52	48	41	26	44	35	28	35	42	19	37	42	29	40	34	47
chr12	58	51	31	54	52	33	22	30	34	22	21	25	50	30	28	58
chr12	39	27	37	19	45	51	20	81	20	43	11	25	18	77	31	55
chr13	77	32	31	45	34	22	14	47	34	27	33	28	40	37	43	55
chr13	50	27	33	55	35	24	21	31	33	28	23	41	48	31	48	71
chr13	55	49	27	35	51	45	32	48	32	36	25	18	28	46	28	44
chr13	78	34	27	57	39	30	22	34	28	23	22	29	51	38	32	55
chr13	48	30	48	46	36	30	14	29	42	21	29	40	46	28	41	71
chr13	71	33	39	52	39	32	22	33	32	27	23	38	53	34	36	35
chr13	82	43	23	52	43	22	22	37	38	27	22	27	37	32	47	45
chr13	67	36	38	47	43	30	15	33	35	31	31	29	42	25	42	55
chr13	53	48	19	46	35	24	27	60	22	35	19	24	55	40	35	57
chr13	61	29	36	52	31	28	16	34	40	20	29	30	46	31	38	78
chr13	52	29	35	50	29	29	16	43	38	19	31	40	47	41	46	54
chr13	74	42	36	51	55	32	22	33	34	29	19	22	40	39	27	44
chr13	61	24	49	43	34	35	19	35	37	29	26	34	45	35	33	60
chr13	70	63	50	36	93	29	21	20	36	45	22	20	19	26	31	18
chr13	53	29	43	45	39	37	29	35	38	42	29	33	40	33	41	33
chr13	45	38	33	51	49	23	31	33	30	32	22	33	43	44	30	62
chr13	59	36	43	47	47	34	20	28	36	34	37	33	43	26	39	37
chr13	40	20	44	48	33	7	29	26	45	47	58	45	35	21	63	38
chr13	56	38	44	47	41	24	21	35	42	29	29	34	46	29	41	43
chr13	51	42	28	46	50	38	37	35	22	43	21	29	43	38	29	47
chr13	63	44	42	40	59	36	35	19	42	38	35	30	25	30	34	27
chr13	74	28	37	55	28	18	22	40	35	19	11	44	57	42	39	50
chr13	45	36	35	60	40	23	18	37	47	21	31	28	44	38	43	53
chr14	72	22	34	53	25	18	15	34	47	23	30	31	37	29	52	77
chr14	35	45	55	23	32	24	25	28	53	19	42	71	37	21	64	25
chr14	45	27	43	40	29	38	29	41	45	45	35	29	36	27	48	42
chr14	70	35	30	49	42	24	19	33	30	22	31	37	42	37	40	58
chr14	67	29	42	50	35	22	7	36	48	19	17	34	39	30	52	72
chr14	47	38	39	50	44	25	15	35	44	23	33	36	39	33	50	48
chr14	47	32	42	48	42	31	16	26	39	31	42	40	42	21	51	49
chr14	41	22	35	42	24	22	18	41	39	26	45	47	37	35	59	66
chr14	29	35	39	34	32	39	30	39	33	35	39	33	43	31	31	77
chr14	77	41	34	36	55	29	21	30	23	35	44	38	33	31	41	31
chr14	63	46	33	52	38	21	27	32	42	27	24	25	51	24	34	60
chr14	37	39	35	66	25	11	28	28	68	14	32	43	47	29	61	36
chr14	58	43	45	55	41	18	24	29	45	21	22	36	56	30	33	43
chr14	64	28	48	45	45	25	19	21	42	25	33	38	35	31	38	62
chr14	64	41	34	45	46	34	15	43	34	22	18	29	40	41	36	57
chr14	53	38	42	35	40	22	33	25	37	37	35	44	38	23	43	54
chr14	76	38	33	51	51	28	21	34	36	23	16	27	34	45	33	53
chr14	74	33	47	44	38	35	19	26	41	30	33	32	44	21	37	45
chr15	51	40	65	29	49	28	16	25	55	24	28	46	29	27	44	43
chr15	66	38	45	38	29	20	30	36	56	38	37	26	36	20	45	39
chr15	58	37	46	50	42	26	21	30	42	27	30	33	48	29	35	45
chr15	44	40	33	45	36	44	18	45	33	22	25	32	49	37	35	61
chr15	52	28	31	42	35	28	18	48	27	31	34	32	40	42	40	71
chr15	18	23	34	22	21	36	54	39	30	54	57	55	28	36	51	41
chr15	40	42	35	46	43	26	17	47	32	27	24	37	49	38	44	52
chr15	38	29	30	42	34	26	23	47	25	34	33	48	43	41	54	52
chr15	41	38	47	38	32	19	23	38	56	28	20	52	35	27	66	39
chr15	38	40	41	46	52	33	18	40	36	36	20	27	38	34	40	60
chr15	48	22	21	60	41	30	18	45	22	25	27	35	41	56	43	65
chr15	76	31	54	55	48	16	19	21	57	31	23	25	35	27	39	42
chr15	79	44	40	43	40	20	22	37	52	20	20	23	35	35	34	55
chr15	49	28	42	44	39	33	18	43	30	27	32	29	44	45	26	70
chr15	51	34	35	51	33	29	18	43	42	22	18	36	44	39	47	57
chr15	64	36	35	46	48	32	12	33	33	26	35	34	36	30	46	53
chr15	48	42	27	61	53	32	21	36	33	22	20	31	45	46	38	44
chr15	81	30	39	51	38	35	9	27	30	17	41	33	51	27	32	58
chr15	58	39	31	60	64	35	10	28	27	26	39	29	40	37	40	36
chr15	68	38	29	55	41	36	24	42	33	28	18	19	48	41	27	52
chr15	37	33	38	45	43	32	23	36	30	31	28	37	44	38	36	68
chr15	62	32	31	48	30	25	22	46	33	29	25	26	49	36	35	70
chr15	35	16	39	52	17	11	21	26	57	30	52	47	34	18	74	70
chr15	61	24	30	68	24	12	23	33	47	23	24	35	51	33	52	59
chr15	50	47	31	40	49	52	58	14	41	44	33	32	27	30	29	22
chr15	43	36	29	59	34	21	19	40	30	23	19	32	60	34	38	82
chr15	46	20	46	49	36	34	18	42	31	32	18	38	48	44	36	61
chr15	71	34	34	67	44	21	11	24	40	18	32	28	51	27	42	55
chr16	42	38	27	44	40	30	19	45	31	23	31	37	38	42	45	67
chr16	53	38	33	57	62	51	19	42	26	26	14	19	41	58	19	41
chr16	65	50	46	38	40	27	33	33	51	31	34	26	43	25	29	28
chr16	56	49	36	44	45	22	31	33	48	32	27	27	35	29	40	45
chr16	53	42	27	55	44	30	21	41	26	23	16	32	54	41	33	61
chr16	29	21	46	45	29	26	11	23	53	27	57	51	30	15	74	62
chr16	70	35	32	43	35	33	20	47	32	20	13	28	42	48	28	73
chr16	47	27	42	55	42	28	13	30	41	32	43	32	40	26	50	51
chr16	59	36	32	48	42	29	24	41	36	29	25	29	38	42	39	50
chr16	76	41	37	47	41	14	20	27	39	13	28	42	44	35	37	58
chr16	35	25	21	37	23	46	34	52	22	35	33	47	39	49	48	53
chr16	40	33	36	45	37	30	30	28	35	30	38	49	41	33	48	46
chr16	52	41	49	34	41	22	34	35	47	37	49	25	36	32	27	38
chr16	51	29	33	56	37	27	26	32	39	30	29	29	42	36	39	64
chr16	56	39	37	44	47	31	24	44	37	35	24	29	36	41	39	36
chr16	40	28	31	49	39	49	27	35	26	29	31	36	43	44	33	59
chr16	81	25	44	40	27	19	25	32	46	29	32	36	37	30	42	54
chr16	63	44	25	62	62	24	23	37	36	24	14	24	32	55	36	38
chr16	103	27	39	50	33	18	16	32	40	25	23	32	43	30	41	47
chr16	46	26	40	70	40	16	14	32	36	20	40	34	60	39	36	50
chr16	56	43	31	58	57	49	24	27	28	33	15	23	48	32	28	47
chr16	53	43	40	51	43	22	22	40	40	31	24	28	51	32	37	42
chr16	40	33	42	52	44	34	16	46	46	23	22	22	36	50	34	59
chr2	55	28	42	28	32	33	26	37	38	28	36	47	28	40	45	56
chr2	38	35	29	41	36	39	33	45	24	35	18	48	46	43	45	44
chr2	60	28	26	63	30	22	25	29	33	24	24	42	55	32	48	58
chr2	68	35	34	48	29	26	20	43	37	19	28	31	50	38	33	60
chr2	28	37	30	29	40	38	27	62	26	51	27	29	30	42	49	54
chr2	52	35	20	54	34	28	26	36	29	22	35	25	47	39	30	87
chr2	75	35	30	49	35	22	24	34	33	20	30	40	46	37	40	49
chr2	46	35	33	47	45	23	17	41	27	22	17	43	43	46	42	72
chr2	47	44	28	33	40	37	30	60	27	44	16	20	38	42	33	60
chr2	66	38	28	44	37	30	33	37	35	21	21	42	38	49	37	43
chr2	77	33	48	55	31	14	23	24	50	20	20	35	55	26	33	55
chr2	42	26	40	52	36	24	15	36	40	17	20	43	42	44	46	76
chr2	66	22	39	50	40	30	22	33	27	31	28	41	45	42	37	46
chr2	72	37	25	42	45	36	30	39	29	34	24	21	30	43	29	63
chr2	30	38	33	29	33	58	24	55	30	36	23	41	37	38	50	44
chr2	68	35	39	47	42	19	18	39	45	29	38	24	33	35	42	46
chr2	98	34	41	43	39	14	27	26	42	31	25	34	37	27	39	42
chr2	74	23	37	67	41	22	12	25	42	27	23	25	45	28	44	64
chr2	59	35	32	55	43	33	19	37	35	29	27	27	44	35	40	49
chr2	56	39	30	58	39	12	16	43	31	19	17	31	57	41	35	75
chr2	65	40	30	49	53	32	17	37	37	31	27	22	29	36	44	50
chr2	56	43	31	52	39	37	20	32	38	14	32	32	49	35	33	56
chr2	56	39	22	40	43	35	15	59	20	30	19	26	38	49	39	69
chr2	88	36	39	48	56	41	12	28	33	31	25	22	35	29	35	41
chr3	65	24	39	64	37	13	11	33	33	27	14	33	56	31	43	76
chr3	62	28	37	49	36	25	23	36	42	29	22	26	37	38	37	72
chr3	53	32	42	42	34	31	27	37	46	27	31	35	37	38	39	48
chr3	60	32	48	53	40	15	19	31	44	26	27	33	48	32	37	54
chr3	61	34	45	45	32	19	25	40	46	31	25	32	46	32	39	47
chr3	39	28	37	44	39	36	21	41	33	29	32	42	36	44	47	51
chr3	47	33	18	52	38	42	31	53	30	24	17	26	36	64	31	57
chr3	49	34	34	28	44	21	15	48	37	29	44	47	15	43	65	46
chr3	64	46	37	50	61	37	18	28	34	29	27	27	39	32	35	35
chr3	50	40	29	54	46	33	25	31	40	20	23	32	38	42	38	58
chr4	60	43	29	40	62	77	14	53	15	28	15	24	34	58	25	22
chr4	54	39	38	49	46	32	27	35	43	31	26	25	38	38	34	44
chr4	41	45	55	30	46	19	32	25	50	40	47	41	34	17	44	33
chr4	49	24	32	49	34	26	18	40	39	30	31	23	32	38	43	91
chr4	79	39	59	29	49	12	35	25	47	50	33	26	30	21	29	36
chr4	39	17	47	31	31	39	25	23	32	30	61	65	31	33	55	40
chr4	70	34	42	50	44	24	19	25	44	25	24	39	39	29	46	45
chr4	77	29	45	53	32	28	15	26	52	13	28	38	44	31	43	45
chr4	75	31	42	57	40	21	17	32	36	28	22	33	55	29	38	43
chr4	64	31	47	50	29	22	28	29	51	27	37	31	48	28	35	42
chr4	44	24	25	67	48	20	14	41	33	17	9	39	35	62	49	72
chr4	56	40	34	40	49	46	20	34	35	31	29	32	30	32	45	46
chr4	52	25	36	47	30	21	18	33	34	27	37	41	44	30	47	77
chr4	61	35	36	60	41	26	13	29	54	13	21	31	36	36	49	58
chr4	49	94	24	17	74	59	12	60	25	12	8	29	36	41	29	30
chr4	65	35	42	59	41	19	22	24	39	26	24	30	57	26	30	60
chr4	77	46	35	43	47	27	12	50	42	26	19	15	34	37	36	53
chr4	62	24	41	53	27	22	18	37	40	26	22	28	52	32	35	80
chr4	65	36	57	42	40	22	30	20	58	33	48	27	38	21	30	32
chr4	38	34	42	50	53	38	24	30	29	37	43	27	44	36	28	46
chr4	71	45	38	47	62	29	12	37	21	23	23	31	48	43	25	44
chr4	36	44	37	35	46	43	18	53	38	25	25	23	31	49	31	65
chr4	71	39	42	56	34	21	19	29	55	14	24	26	48	29	34	58
chr4	55	31	39	50	33	17	12	36	41	20	25	41	46	31	50	72
chr4	33	32	25	35	37	37	30	53	29	45	25	34	26	43	53	62
chr4	64	28	38	61	31	23	16	25	50	20	25	34	46	24	49	65
chr4	75	32	35	38	37	23	35	29	40	36	39	34	29	32	40	45
chr4	69	31	35	60	45	28	13	33	35	16	25	36	46	43	39	45
chr4	63	38	43	36	46	25	21	40	37	40	33	32	33	30	45	37
chr4	105	26	51	55	37	12	15	19	61	18	26	23	34	27	36	54
chr4	74	33	43	65	49	30	8	27	36	21	19	26	55	30	32	51
chr4	74	37	39	34	38	32	22	36	49	36	28	30	23	24	54	43
chr4	109	34	32	56	31	16	17	25	41	19	32	28	50	19	40	50
chr4	69	33	27	53	33	20	16	44	33	27	25	28	48	33	45	65
chr4	46	34	21	58	36	26	15	50	19	22	23	32	59	45	37	76
chr4	59	27	33	67	27	12	18	37	34	20	22	32	67	35	35	74
chr4	41	40	32	39	46	47	23	46	23	38	37	29	43	36	35	44
chr4	61	55	40	36	49	43	37	35	48	33	24	17	35	32	21	33
chr4	50	32	33	43	43	23	31	32	36	31	39	42	29	43	44	48
chr4	60	28	32	51	36	38	19	41	26	31	17	31	49	37	37	66
chr4	61	45	36	43	58	41	33	37	43	31	30	20	23	52	25	21
chr4	75	31	21	64	32	30	24	39	32	17	21	27	53	47	31	55
chr4	65	36	40	53	48	28	20	28	33	28	21	29	48	32	30	60
chr4	66	34	44	49	43	26	18	35	48	37	19	27	36	25	50	42
chr4	37	36	39	41	38	32	35	37	42	37	30	43	37	37	47	31
chr4	43	28	38	47	41	43	25	42	43	37	21	36	29	42	54	30
chr5	59	33	36	50	46	25	25	31	38	28	20	30	35	40	35	68
chr5	56	31	36	48	38	24	20	27	38	22	35	46	39	32	50	57
chr5	39	36	35	50	48	37	21	37	30	25	34	33	43	44	33	54
chr5	43	32	53	34	45	27	27	25	43	28	35	58	31	37	49	32
chr5	54	30	33	48	32	28	25	39	42	29	38	27	37	38	39	60
chr5	44	25	25	46	27	20	15	38	27	20	27	55	42	36	62	90
chr5	65	31	28	49	39	29	20	48	24	26	19	26	44	50	29	72
chr5	69	22	40	69	36	16	21	27	32	22	21	35	63	40	28	58
chr5	66	29	46	66	36	18	18	18	56	20	34	35	49	23	47	38
chr5	64	36	38	45	48	33	17	32	32	26	33	34	39	35	37	50
chr5	46	29	36	57	29	19	18	33	50	27	34	39	44	24	62	52
chr5	49	30	42	36	49	17	20	37	41	24	27	40	18	52	43	74
chr5	73	35	29	64	43	23	19	36	31	26	12	25	55	36	34	58
chr5	59	35	43	47	46	20	32	26	45	46	39	25	35	23	41	37
chr5	73	32	33	60	45	18	24	33	36	24	23	27	44	45	30	52
chr5	82	31	38	43	42	32	25	39	29	37	26	27	41	38	30	39
chr5	61	55	38	36	55	30	23	29	37	25	26	37	37	28	38	44
chr5	68	35	37	52	34	19	25	34	30	22	30	36	60	36	26	55
chr5	44	29	30	53	49	28	16	36	37	28	31	39	27	43	58	51
chr5	57	31	39	55	44	26	17	33	34	24	18	31	46	39	33	72
chr5	60	41	39	32	33	24	30	37	59	26	52	30	19	33	47	37
chr5	62	35	37	41	30	27	26	36	51	28	23	32	33	29	48	61
chr5	38	42	30	38	44	35	23	47	20	27	24	39	46	46	32	68
chr5	38	24	39	45	28	19	27	36	45	35	48	40	36	31	54	54
chr5	61	31	33	44	28	30	19	48	35	24	31	29	44	41	36	65
chr5	48	51	43	41	52	36	21	29	43	23	41	31	40	28	33	39
chr5	82	30	53	53	40	23	14	25	46	18	14	33	49	31	31	57
chr5	57	25	37	62	32	14	8	24	52	12	28	40	41	27	58	82
chr5	75	32	40	61	38	18	14	27	49	18	26	29	46	29	42	55
chr5	71	60	27	41	65	45	31	37	32	30	18	18	31	43	23	27
chr5	62	23	34	50	26	37	19	48	34	24	33	29	47	47	33	53
chr5	41	40	29	36	48	45	21	49	25	38	40	30	31	41	43	42
chr5	63	27	60	48	41	25	17	30	42	34	17	43	52	27	42	31
chr5	36	24	39	44	40	30	20	36	38	30	38	44	29	43	53	55
chr6	74	18	45	46	22	21	16	22	43	18	42	45	43	24	45	75
chr6	70	45	43	41	46	15	25	29	49	25	44	33	34	30	40	30
chr6	34	42	33	50	58	47	28	29	22	42	23	36	46	31	39	39
chr6	60	32	35	75	37	16	24	24	35	19	21	37	69	34	33	48
chr6	53	33	43	42	52	31	18	35	44	25	33	29	23	47	36	55
chr7	81	39	33	51	40	22	20	32	33	21	26	34	50	31	35	51
chr7	58	20	32	68	25	24	17	42	38	20	16	28	57	44	36	74
chr7	64	45	41	46	52	36	24	30	38	31	23	26	43	30	29	41
chr7	65	46	49	34	39	38	37	25	50	35	29	34	40	21	32	25
chr7	30	51	21	51	42	35	22	45	38	19	28	30	42	40	44	61
chr7	67	51	37	34	44	22	32	36	42	28	33	33	37	33	33	37
chr7	77	31	28	73	32	19	16	29	33	12	18	30	67	34	31	69
chr7	66	34	36	45	32	21	11	47	34	21	16	33	49	35	41	78
chr7	75	33	42	59	36	11	13	36	42	21	20	23	57	30	31	70
chr7	37	44	40	49	60	35	32	28	44	33	21	28	30	43	32	43
chr7	86	29	37	46	34	26	30	22	42	32	41	28	37	25	35	49
chr7	59	30	32	52	40	27	16	35	40	24	31	27	34	37	42	73
chr7	36	31	34	49	46	49	28	40	24	40	16	36	43	43	38	46
chr7	21	30	41	34	37	32	21	44	43	20	18	50	25	53	51	79
chr7	48	34	39	51	38	22	19	22	44	21	51	40	43	24	47	56
chr7	60	34	39	39	30	26	33	38	38	36	35	35	43	31	38	44
chr7	29	27	27	51	43	27	31	31	29	39	38	43	33	39	52	60
chr7	49	42	60	42	41	31	17	23	69	17	36	37	35	22	45	33
chr7	38	33	25	45	47	56	21	46	24	37	22	31	32	45	45	52
chr7	74	25	53	44	39	35	23	28	41	41	28	29	42	24	35	38
chr7	64	31	33	54	39	30	11	47	29	33	18	23	50	34	41	62
chr7	68	28	32	63	42	33	17	34	22	27	16	35	59	38	35	50
chr7	38	22	34	38	24	24	20	42	35	27	50	52	36	37	60	60
chr7	69	43	45	43	55	46	19	27	30	34	19	30	45	24	31	39
chr7	53	28	31	50	49	29	11	46	22	24	21	31	39	54	35	76
chr7	68	20	36	55	31	18	22	24	33	24	30	39	48	33	38	80
chr7	82	34	40	36	37	19	14	41	39	19	26	32	33	40	36	71
chr8	84	36	26	65	36	18	13	32	26	16	16	29	65	29	32	76
chr8	68	45	50	51	63	35	16	25	40	29	18	22	42	30	26	39
chr8	52	33	41	45	45	18	13	43	29	23	24	32	44	45	31	81
chr8	35	34	46	40	45	29	25	31	42	45	36	35	34	21	51	50
chr8	43	31	27	40	36	26	42	33	26	38	33	45	36	41	41	61
chr8	40	41	31	37	44	63	21	35	39	22	35	36	26	37	45	47
chr8	44	38	42	32	38	25	25	44	39	36	31	36	35	33	44	57
chr8	130	27	48	53	31	16	9	29	42	17	12	27	56	25	29	48
chr8	81	23	40	57	34	20	14	28	40	15	19	35	46	39	35	73
chr8	72	21	37	67	38	8	8	25	43	15	26	31	45	35	44	84
chr8	38	36	28	53	40	45	26	36	39	25	20	38	38	41	48	48
chr8	63	30	41	56	34	17	18	35	43	22	29	34	50	36	40	51
chr8	51	50	41	45	56	26	23	46	26	36	14	24	54	39	21	47
chr8	45	36	21	59	41	29	23	35	30	21	19	37	44	43	44	72
chr9	17	30	31	25	38	40	48	52	32	39	40	49	17	68	41	32
chr9	45	28	31	60	36	31	19	37	35	19	26	31	47	45	35	74
chr9	38	21	37	44	26	27	29	30	47	29	49	48	29	35	58	52
chr9	60	32	35	53	43	34	15	38	30	25	23	36	46	40	41	48
chr9	57	29	44	51	37	18	14	35	35	18	25	41	52	39	37	67
chr9	55	42	43	35	41	22	21	45	41	28	25	33	39	37	37	55
chr9	90	45	38	35	43	31	20	33	39	18	26	33	36	33	32	47
chr9	54	33	31	63	43	16	20	36	24	27	31	33	60	39	34	55
chr9	63	39	36	59	44	26	11	37	38	18	25	21	53	35	30	64
chr9	53	26	36	44	35	43	16	39	24	30	33	38	47	33	41	61
