Chromosome	A	C	G	T
chr1	175	110	145	170
chr1	154	139	152	155
chr1	142	138	123	197
chr1	159	212	132	97
chr10	158	116	173	153
chr10	162	123	111	204
chr10	160	142	118	180
chr10	160	108	135	197
chr10	210	103	118	169
chr10	168	140	142	150
chr10	153	104	169	174
chr10	181	126	132	161
chr10	146	133	114	207
chr10	180	125	122	173
chr10	156	140	136	168
chr10	191	126	118	165
chr10	159	174	152	115
chr10	136	93	212	159
chr10	136	134	124	206
chr10	155	145	111	189
chr10	183	110	130	177
chr10	157	134	135	174
chr10	114	152	155	179
chr10	199	115	121	165
chr10	141	137	94	228
chr10	180	153	112	155
chr10	177	144	108	171
chr10	188	132	133	147
chr10	143	151	140	166
chr10	159	189	110	142
chr10	191	133	137	139
chr11	217	154	100	129
chr11	152	128	117	203
chr12	165	124	103	208
chr12	144	147	97	212
chr12	146	141	114	199
chr12	192	147	106	155
chr13	172	120	119	189
chr13	146	119	144	191
chr13	167	86	148	199
chr13	174	134	143	149
chr13	154	142	133	171
chr13	185	128	129	158
chr13	192	149	129	130
chr13	165	116	142	177
chr13	192	143	103	162
chr13	175	132	142	151
chr13	155	169	130	146
chr14	154	170	78	198
chr14	158	110	180	152
chr14	150	127	152	171
chr14	108	166	154	172
chr14	191	173	97	139
chr14	167	125	127	181
chr15	101	145	187	167
chr15	206	148	83	163
chr15	191	160	87	162
chr15	135	120	129	216
chr15	138	143	136	183
chr15	171	118	144	167
chr15	130	161	89	220
chr15	194	150	112	144
chr15	153	132	125	190
chr15	169	123	115	193
chr15	151	171	157	121
chr15	213	122	103	162
chr16	208	128	141	123
chr16	171	138	94	197
chr16	160	132	144	164
chr16	156	116	119	209
chr16	154	122	157	167
chr16	173	132	165	130
chr16	149	145	130	176
chr16	166	153	158	123
chr16	133	139	144	184
chr2	169	155	104	172
chr2	183	110	121	186
chr2	180	141	135	144
chr2	167	188	110	135
chr2	156	145	139	160
chr2	150	104	125	221
chr2	177	146	109	168
chr2	146	165	118	171
chr2	180	135	117	168
chr2	211	108	133	148
chr2	159	135	118	188
chr2	149	129	117	205
chr2	172	137	133	158
chr2	219	103	170	108
chr2	188	121	126	165
chr2	139	159	99	203
chr2	211	129	117	143
chr3	158	131	138	173
chr3	197	114	132	157
chr3	191	108	132	169
chr3	159	125	136	180
chr3	145	173	94	188
chr3	157	130	146	167
chr3	154	126	159	161
chr4	164	102	134	200
chr4	138	94	190	178
chr4	140	122	128	210
chr4	174	124	173	129
chr4	203	120	155	122
chr4	157	122	98	223
chr4	203	148	108	141
chr4	181	219	69	131
chr4	215	129	129	127
chr4	151	162	110	177
chr4	153	146	132	169
chr4	170	122	113	195
chr4	151	162	125	162
chr4	176	143	141	140
chr4	156	146	152	146
chr4	189	106	157	148
chr4	166	140	147	147
chr5	134	143	131	192
chr5	150	143	115	192
chr5	202	103	113	182
chr5	204	89	151	156
chr5	183	123	115	179
chr5	185	122	156	137
chr5	175	125	109	191
chr5	197	124	107	172
chr5	201	106	126	167
chr5	141	119	182	158
chr5	185	115	138	162
chr5	134	142	113	211
chr5	189	138	135	138
chr5	163	138	119	180
chr5	147	164	134	155
chr5	153	122	120	205
chr6	183	82	150	185
chr6	146	160	109	185
chr6	155	96	147	202
chr6	156	163	124	157
chr6	176	111	116	197
chr6	193	101	130	176
chr6	117	164	106	213
chr7	187	141	141	131
chr7	150	121	133	196
chr7	120	151	149	180
chr7	172	126	148	154
chr7	197	90	178	135
chr7	169	142	144	145
chr7	129	138	165	168
chr7	141	102	161	196
chr8	159	134	149	158
chr8	137	138	133	192
chr8	166	117	140	177
chr8	160	129	108	203
chr8	186	153	105	156
chr9	182	121	123	174
chr9	156	156	114	174
chr9	159	133	128	180
