Chromosome	AA	AC	AG	AT	CA	CC	CG	CT	GA	GC	GG	GT	TA	TC	TG	TT
chr1	55	34	42	44	38	18	21	32	35	31	39	40	47	27	43	53
chr1	47	34	37	36	34	38	40	27	37	31	42	42	36	36	33	49
chr1	45	34	31	32	44	29	14	51	34	21	29	38	19	54	48	76
chr1	35	68	28	27	67	56	55	34	30	53	26	23	26	35	23	13
chr10	40	34	43	40	37	19	33	27	50	37	45	41	31	25	52	45
chr10	54	27	27	53	34	21	19	49	27	23	27	34	47	51	38	68
chr10	46	31	37	46	43	33	19	47	22	41	20	34	49	37	41	53
chr10	39	35	28	58	36	16	19	36	35	31	30	39	50	26	57	64
chr10	79	34	40	57	34	22	18	29	35	16	29	38	61	31	31	45
chr10	53	36	35	44	46	28	37	29	37	34	34	36	32	42	36	40
chr10	49	16	47	41	34	22	19	29	40	37	44	47	30	28	59	57
chr10	62	40	41	38	51	27	18	30	47	21	26	38	21	38	47	54
chr10	46	40	18	42	38	32	22	41	29	21	28	36	33	40	46	87
chr10	54	38	38	50	46	23	17	39	36	30	23	33	43	34	44	51
chr10	43	43	30	39	50	30	18	42	41	26	32	37	22	41	55	50
chr10	64	37	40	50	33	32	18	43	40	24	19	35	54	33	41	36
chr10	44	42	48	25	48	52	36	38	48	37	38	28	18	43	30	24
chr10	27	24	54	31	25	12	12	43	53	38	72	49	30	19	74	36
chr10	36	23	30	47	41	24	16	52	28	25	34	37	31	62	44	69
chr10	43	32	32	48	52	33	17	42	14	35	24	38	46	45	38	60
chr10	60	35	30	58	32	25	17	36	39	24	31	36	51	26	52	47
chr10	33	37	32	55	46	38	16	33	45	24	34	32	33	34	53	54
chr10	27	19	32	35	24	34	39	55	36	39	36	44	27	59	48	45
chr10	75	36	31	56	43	20	23	29	38	27	29	27	42	32	38	53
chr10	26	31	24	59	45	26	20	46	29	23	12	30	41	57	38	92
chr10	61	45	29	44	52	43	25	33	16	34	23	39	51	31	34	39
chr10	55	36	34	52	40	45	18	41	27	25	18	38	55	38	38	39
chr10	64	37	45	42	47	34	18	33	50	27	27	29	27	33	43	43
chr10	35	39	30	39	41	41	31	37	38	39	31	32	29	32	47	58
chr10	59	38	26	35	45	75	34	35	18	45	17	30	37	31	33	41
chr10	72	39	42	38	41	24	28	40	45	36	27	28	33	34	40	32
chr11	87	47	36	47	66	54	11	23	27	25	27	21	36	28	26	38
chr11	49	25	35	43	37	26	23	41	20	32	25	40	46	45	33	79
chr12	54	24	38	49	35	34	19	35	28	23	13	39	48	43	33	84
chr12	34	32	20	58	49	32	23	42	19	25	20	33	42	58	34	78
chr12	44	35	27	39	40	35	20	46	27	31	18	38	35	40	49	75
chr12	55	43	40	53	67	46	14	20	33	21	22	30	37	37	30	51
chr13	55	34	36	46	28	29	18	45	32	19	25	43	56	38	40	55
chr13	39	31	30	46	28	26	33	31	35	29	37	43	43	33	44	71
chr13	44	25	39	59	32	13	20	21	43	19	29	56	48	28	60	63
chr13	52	27	46	49	34	36	25	38	42	40	30	31	46	30	42	31
chr13	58	21	35	40	27	38	36	41	32	42	30	29	36	41	32	61
chr13	64	29	40	52	43	36	16	33	32	32	33	32	46	31	39	41
chr13	70	48	37	37	55	29	36	29	37	38	29	25	30	34	26	39
chr13	44	25	35	61	31	30	32	23	37	27	40	38	53	34	34	55
chr13	63	60	22	47	51	15	31	46	43	14	23	22	35	53	27	47
chr13	48	38	45	44	48	27	24	33	39	32	33	38	40	35	39	36
chr13	44	46	26	39	44	46	38	41	32	37	41	19	34	40	25	47
chr14	35	47	26	46	55	25	15	75	11	27	11	29	53	70	26	48
chr14	36	44	53	25	33	24	25	28	51	21	40	68	37	21	62	31
chr14	40	28	43	38	32	39	22	34	45	24	57	26	32	36	30	73
chr14	13	37	33	25	29	41	46	49	31	48	33	42	34	40	42	56
chr14	65	70	34	22	62	54	15	42	17	13	22	45	47	35	26	30
chr14	48	35	36	48	43	25	21	36	33	31	19	43	43	34	50	54
chr15	19	22	34	25	22	35	51	37	28	52	52	55	32	36	49	50
chr15	67	59	21	59	65	30	17	36	27	18	13	24	47	40	32	44
chr15	62	42	26	60	53	43	23	41	39	14	11	23	37	61	26	38
chr15	32	26	27	49	35	21	20	44	23	25	32	49	45	47	50	74
chr15	37	38	32	31	36	29	29	49	28	30	32	45	37	46	42	58
chr15	56	35	35	45	39	20	23	36	36	29	37	42	40	34	48	44
chr15	30	19	15	65	46	32	45	38	18	11	11	49	36	99	18	67
chr15	58	48	33	55	68	40	12	29	22	25	33	32	46	36	34	28
chr15	37	31	38	46	43	32	21	36	29	32	29	35	44	37	37	72
chr15	57	32	31	49	31	24	22	45	33	28	27	27	48	38	35	72
chr15	39	43	28	41	45	50	60	16	40	46	36	34	26	32	33	30
chr15	79	43	37	54	42	31	9	40	38	26	19	19	53	22	38	49
chr16	69	51	48	40	39	26	34	29	53	31	31	26	47	20	28	27
chr16	61	35	28	46	35	35	21	47	32	20	12	30	43	48	32	74
chr16	51	29	29	51	39	41	23	29	41	29	34	40	28	33	58	44
chr16	58	21	25	52	28	29	19	40	22	23	32	42	48	43	43	74
chr16	41	31	38	43	35	29	31	27	35	32	39	51	43	30	48	46
chr16	48	39	50	35	40	22	36	34	50	37	52	26	35	33	27	35
chr16	40	27	32	49	38	45	30	32	29	30	34	37	42	42	34	58
chr16	58	30	44	34	36	46	46	25	47	42	34	35	25	35	33	29
chr16	24	31	35	43	45	21	27	46	25	46	27	46	39	41	55	48
chr2	58	44	30	36	39	44	26	46	19	33	15	37	52	34	33	53
chr2	65	31	26	61	32	24	26	28	31	24	25	41	54	31	44	56
chr2	53	46	31	49	49	30	35	27	30	44	31	30	47	21	38	38
chr2	51	49	37	30	51	50	31	56	27	50	17	16	38	39	25	32
chr2	56	35	41	23	41	34	18	52	39	31	31	38	19	45	49	47
chr2	32	20	26	72	37	24	14	28	41	20	28	36	40	40	57	84
chr2	74	36	26	41	45	35	30	36	28	33	24	23	30	42	29	67
chr2	36	39	38	33	37	53	23	51	31	30	13	44	42	43	43	43
chr2	58	36	36	49	42	35	26	32	31	23	25	38	48	41	30	49
chr2	92	34	42	43	39	15	27	27	42	32	25	34	38	27	39	43
chr2	42	38	36	42	45	31	22	37	34	27	22	35	38	39	37	74
chr2	42	25	25	57	32	31	26	40	21	32	22	42	53	41	44	66
chr2	52	43	45	32	57	27	22	30	43	23	21	46	20	44	44	50
chr2	88	34	59	37	41	14	32	16	54	35	51	30	36	20	28	24
chr2	51	29	36	72	41	24	28	27	33	41	22	30	63	27	39	36
chr2	41	35	25	38	46	33	16	64	21	26	20	32	30	65	38	69
chr2	84	38	44	45	53	33	16	26	43	24	20	30	31	34	37	41
chr3	44	33	33	48	35	33	27	36	29	36	31	41	50	29	47	47
chr3	72	32	46	47	36	25	20	33	47	28	30	27	41	29	36	50
chr3	59	33	47	52	40	16	20	31	45	27	28	32	47	31	37	54
chr3	43	30	40	46	37	26	19	42	34	32	25	45	45	37	52	46
chr3	45	36	17	46	40	46	30	57	25	23	21	25	34	68	26	60
chr3	52	29	36	40	37	30	36	27	35	38	32	40	33	33	41	60
chr3	55	35	38	26	43	21	16	45	41	29	44	45	15	41	60	45
chr4	59	25	31	49	28	19	15	40	45	29	29	31	32	29	59	79
chr4	21	30	50	37	39	15	14	26	43	32	52	62	35	17	73	53
chr4	33	26	25	56	29	32	29	31	26	32	22	48	52	32	52	74
chr4	50	40	55	29	44	23	31	26	51	37	44	41	29	24	42	33
chr4	74	38	57	33	47	13	34	26	48	50	34	23	33	19	30	40
chr4	41	25	18	72	39	25	16	42	34	15	16	33	43	57	47	76
chr4	73	41	31	57	59	44	13	32	37	25	23	23	33	38	41	29
chr4	46	95	20	19	72	59	12	76	24	19	9	17	39	45	28	19
chr4	74	44	49	48	51	31	10	37	52	24	28	24	38	30	42	17
chr4	36	44	36	35	45	44	18	54	38	24	25	23	31	50	31	65
chr4	53	33	32	35	37	29	28	51	29	40	32	31	33	44	40	52
chr4	48	33	37	52	35	31	17	39	36	16	18	43	51	42	40	61
chr4	41	40	32	38	43	47	25	47	24	36	34	31	42	39	34	46
chr4	62	35	39	39	37	37	39	30	43	44	32	22	34	27	31	48
chr4	37	37	41	41	41	32	36	37	43	38	30	40	34	39	45	28
chr4	54	32	58	44	34	22	19	31	58	36	34	29	43	16	46	43
chr4	35	42	43	46	54	32	28	26	46	24	42	34	31	41	34	41
chr5	40	21	36	37	35	43	25	40	26	35	34	36	33	44	36	78
chr5	33	38	31	47	46	41	15	41	30	22	32	31	41	41	37	73
chr5	72	22	44	64	37	16	21	29	35	23	21	34	57	42	27	55
chr5	61	27	50	66	34	18	19	18	58	22	35	35	51	22	47	36
chr5	55	36	32	60	47	24	16	36	22	27	32	34	59	36	34	49
chr5	59	35	43	48	45	20	32	25	45	44	39	27	36	23	41	37
chr5	56	37	34	48	40	30	13	42	34	21	20	34	45	36	42	67
chr5	74	36	35	51	43	18	24	39	31	24	25	27	49	46	23	54
chr5	62	36	48	54	44	17	15	30	47	19	27	33	48	34	35	50
chr5	34	25	50	31	27	21	30	41	65	31	46	40	15	41	56	46
chr5	63	40	38	44	31	25	27	32	56	24	24	34	35	25	49	52
chr5	40	33	23	38	25	36	20	60	29	22	29	33	39	51	41	80
chr5	52	53	42	42	55	35	20	27	43	22	39	31	39	28	34	37
chr5	59	21	32	51	26	39	19	53	29	27	36	27	48	51	32	49
chr5	42	39	30	36	51	47	19	47	26	40	38	30	28	38	46	42
chr5	40	28	33	52	27	28	27	40	29	27	27	37	57	39	33	75
chr6	74	18	46	45	22	21	17	22	43	19	42	46	43	24	45	72
chr6	39	30	32	44	35	43	19	63	30	33	23	23	42	54	34	55
chr6	44	24	36	51	22	20	26	28	35	32	32	47	54	20	53	75
chr6	38	41	33	43	56	47	28	32	22	42	23	37	39	33	40	45
chr6	41	34	32	69	39	20	26	26	35	20	19	41	61	37	39	60
chr6	67	37	35	53	34	24	17	26	52	17	29	32	39	23	49	65
chr6	34	24	22	37	43	40	21	60	11	25	17	53	29	75	46	62
chr7	61	39	49	38	39	35	37	30	48	37	24	31	38	30	31	32
chr7	34	32	32	52	39	28	19	35	30	20	34	49	47	41	47	60
chr7	37	23	29	31	24	40	44	43	34	40	36	39	25	47	40	67
chr7	62	33	38	38	27	26	35	38	41	37	34	36	42	30	41	41
chr7	55	38	68	36	28	19	17	26	79	16	43	39	35	17	50	33
chr7	51	48	49	21	52	34	25	31	45	20	35	44	21	40	35	48
chr7	32	31	30	36	37	38	25	38	30	35	52	48	30	34	57	46
chr7	45	16	39	41	25	16	18	43	40	34	44	43	31	36	59	69
chr8	38	35	47	39	47	32	22	33	41	41	30	37	32	26	50	49
chr8	32	24	29	51	28	40	23	47	36	34	32	31	41	40	48	63
chr8	48	26	40	52	30	30	26	31	38	34	23	45	49	27	51	49
chr8	45	36	21	57	40	30	23	36	29	21	19	39	46	42	45	70
chr8	71	34	35	46	39	45	25	43	34	29	18	24	42	45	27	42
chr9	58	32	44	48	36	32	17	35	44	26	21	32	44	31	40	59
chr9	52	33	34	37	44	42	28	41	36	30	17	31	23	51	35	65
chr9	53	30	34	42	34	43	17	38	26	30	35	37	46	29	42	63
